table_size
28,240
28
28,27,26,25,24,23,22,21,20,19,18,17,16,15,14,13,12,11,10,9,8,7,6,5,4,3,2,1,0,1,29,28,27,26,25,24,23,22,21,20,19,18,17,16,15,14,13,12,11,10,9,8,7,6,5,4,3,2,1,2,30,29,28,27,26,25,24,23,22,21,20,19,18,17,16,15,14,13,12,11,10,9,8,7,6,5,4,3,2,3,31,30,29,28,27,26,25,24,23,22,21,20,19,18,17,16,15,14,13,12,11,10,9,8,7,6,5,4,3,4,32,31,30,29,28,27,26,25,24,23,22,21,20,19,18,17,16,15,14,13,12,11,10,9,8,7,6,5,4,5,33,32,31,30,29,28,27,26,25,24,23,22,21,20,19,18,17,16,15,14,13,12,11,10,9,8,7,6,5,6,34,33,32,31,30,29,28,27,26,25,24,23,22,21,20,19,18,17,16,15,14,13,12,11,10,9,8,7,6,7,35,34,33,32,31,30,29,28,27,26,25,24,23,22,21,20,19,18,17,16,15,14,13,12,11,10,9,8,7,8,
231
28,27,26,25,24,23,22,21,20,19,18,17,16,15,14,13,12,11,10,9,8,7,8,9,10,11,12,13,14,15,27,26,25,24,23,22,21,20,19,18,17,16,15,14,13,12,11,10,9,8,7,6,7,8,9,10,11,12,13,14,26,25,24,23,22,21,20,19,18,17,16,15,14,13,12,11,10,9,8,7,6,5,6,7,8,9,10,11,12,13,25,24,23,22,21,20,19,18,17,16,15,14,13,12,11,10,9,8,7,6,5,4,5,6,7,8,9,10,11,12,24,23,22,21,20,19,18,17,16,15,14,13,12,11,10,9,8,7,6,5,4,3,4,5,6,7,8,9,10,11,23,22,21,20,19,18,17,16,15,14,13,12,11,10,9,8,7,6,5,4,3,2,3,4,5,6,7,8,9,10,22,21,20,19,18,17,16,15,14,13,12,11,10,9,8,7,6,5,4,3,2,1,2,3,4,5,6,7,8,9,21,20,19,18,17,16,15,14,13,12,11,10,9,8,7,6,5,4,3,2,1,0,1,2,3,4,5,6,7,8,
25
25,24,23,22,21,20,19,18,17,16,15,14,13,12,11,10,9,8,7,6,5,4,3,2,1,0,1,2,3,4,26,25,24,23,22,21,20,19,18,17,16,15,14,13,12,11,10,9,8,7,6,5,4,3,2,1,2,3,4,5,27,26,25,24,23,22,21,20,19,18,17,16,15,14,13,12,11,10,9,8,7,6,5,4,3,2,3,4,5,6,28,27,26,25,24,23,22,21,20,19,18,17,16,15,14,13,12,11,10,9,8,7,6,5,4,3,4,5,6,7,29,28,27,26,25,24,23,22,21,20,19,18,17,16,15,14,13,12,11,10,9,8,7,6,5,4,5,6,7,8,30,29,28,27,26,25,24,23,22,21,20,19,18,17,16,15,14,13,12,11,10,9,8,7,6,5,6,7,8,9,31,30,29,28,27,26,25,24,23,22,21,20,19,18,17,16,15,14,13,12,11,10,9,8,7,6,7,8,9,10,32,31,30,29,28,27,26,25,24,23,22,21,20,19,18,17,16,15,14,13,12,11,10,9,8,7,8,9,10,11,
228
25,24,23,22,21,20,19,18,17,16,15,14,13,12,11,10,9,8,7,8,9,10,11,12,13,14,15,16,17,18,24,23,22,21,20,19,18,17,16,15,14,13,12,11,10,9,8,7,6,7,8,9,10,11,12,13,14,15,16,17,23,22,21,20,19,18,17,16,15,14,13,12,11,10,9,8,7,6,5,6,7,8,9,10,11,12,13,14,15,16,22,21,20,19,18,17,16,15,14,13,12,11,10,9,8,7,6,5,4,5,6,7,8,9,10,11,12,13,14,15,21,20,19,18,17,16,15,14,13,12,11,10,9,8,7,6,5,4,3,4,5,6,7,8,9,10,11,12,13,14,20,19,18,17,16,15,14,13,12,11,10,9,8,7,6,5,4,3,2,3,4,5,6,7,8,9,10,11,12,13,19,18,17,16,15,14,13,12,11,10,9,8,7,6,5,4,3,2,1,2,3,4,5,6,7,8,9,10,11,12,18,17,16,15,14,13,12,11,10,9,8,7,6,5,4,3,2,1,0,1,2,3,4,5,6,7,8,9,10,11,
212
9,8,7,8,9,10,11,12,13,14,15,16,17,18,19,20,21,22,23,24,25,26,27,28,29,30,31,32,33,34,8,7,6,7,8,9,10,11,12,13,14,15,16,17,18,19,20,21,22,23,24,25,26,27,28,29,30,31,32,33,7,6,5,6,7,8,9,10,11,12,13,14,15,16,17,18,19,20,21,22,23,24,25,26,27,28,29,30,31,32,6,5,4,5,6,7,8,9,10,11,12,13,14,15,16,17,18,19,20,21,22,23,24,25,26,27,28,29,30,31,5,4,3,4,5,6,7,8,9,10,11,12,13,14,15,16,17,18,19,20,21,22,23,24,25,26,27,28,29,30,4,3,2,3,4,5,6,7,8,9,10,11,12,13,14,15,16,17,18,19,20,21,22,23,24,25,26,27,28,29,3,2,1,2,3,4,5,6,7,8,9,10,11,12,13,14,15,16,17,18,19,20,21,22,23,24,25,26,27,28,2,1,0,1,2,3,4,5,6,7,8,9,10,11,12,13,14,15,16,17,18,19,20,21,22,23,24,25,26,27,
22
22,21,20,19,18,17,16,15,14,13,12,11,10,9,8,7,6,5,4,3,2,1,0,1,2,3,4,5,6,7,23,22,21,20,19,18,17,16,15,14,13,12,11,10,9,8,7,6,5,4,3,2,1,2,3,4,5,6,7,8,24,23,22,21,20,19,18,17,16,15,14,13,12,11,10,9,8,7,6,5,4,3,2,3,4,5,6,7,8,9,25,24,23,22,21,20,19,18,17,16,15,14,13,12,11,10,9,8,7,6,5,4,3,4,5,6,7,8,9,10,26,25,24,23,22,21,20,19,18,17,16,15,14,13,12,11,10,9,8,7,6,5,4,5,6,7,8,9,10,11,27,26,25,24,23,22,21,20,19,18,17,16,15,14,13,12,11,10,9,8,7,6,5,6,7,8,9,10,11,12,28,27,26,25,24,23,22,21,20,19,18,17,16,15,14,13,12,11,10,9,8,7,6,7,8,9,10,11,12,13,29,28,27,26,25,24,23,22,21,20,19,18,17,16,15,14,13,12,11,10,9,8,7,8,9,10,11,12,13,14,
16
16,15,14,13,12,11,10,9,8,7,6,5,4,3,2,1,0,1,2,3,4,5,6,7,8,9,10,11,12,13,17,16,15,14,13,12,11,10,9,8,7,6,5,4,3,2,1,2,3,4,5,6,7,8,9,10,11,12,13,14,18,17,16,15,14,13,12,11,10,9,8,7,6,5,4,3,2,3,4,5,6,7,8,9,10,11,12,13,14,15,19,18,17,16,15,14,13,12,11,10,9,8,7,6,5,4,3,4,5,6,7,8,9,10,11,12,13,14,15,16,20,19,18,17,16,15,14,13,12,11,10,9,8,7,6,5,4,5,6,7,8,9,10,11,12,13,14,15,16,17,21,20,19,18,17,16,15,14,13,12,11,10,9,8,7,6,5,6,7,8,9,10,11,12,13,14,15,16,17,18,22,21,20,19,18,17,16,15,14,13,12,11,10,9,8,7,6,7,8,9,10,11,12,13,14,15,16,17,18,19,23,22,21,20,19,18,17,16,15,14,13,12,11,10,9,8,7,8,9,10,11,12,13,14,15,16,17,18,19,20,
217
14,13,12,11,10,9,8,7,8,9,10,11,12,13,14,15,16,17,18,19,20,21,22,23,24,25,26,27,28,29,13,12,11,10,9,8,7,6,7,8,9,10,11,12,13,14,15,16,17,18,19,20,21,22,23,24,25,26,27,28,12,11,10,9,8,7,6,5,6,7,8,9,10,11,12,13,14,15,16,17,18,19,20,21,22,23,24,25,26,27,11,10,9,8,7,6,5,4,5,6,7,8,9,10,11,12,13,14,15,16,17,18,19,20,21,22,23,24,25,26,10,9,8,7,6,5,4,3,4,5,6,7,8,9,10,11,12,13,14,15,16,17,18,19,20,21,22,23,24,25,9,8,7,6,5,4,3,2,3,4,5,6,7,8,9,10,11,12,13,14,15,16,17,18,19,20,21,22,23,24,8,7,6,5,4,3,2,1,2,3,4,5,6,7,8,9,10,11,12,13,14,15,16,17,18,19,20,21,22,23,7,6,5,4,3,2,1,0,1,2,3,4,5,6,7,8,9,10,11,12,13,14,15,16,17,18,19,20,21,22,
7
7,6,5,4,3,2,1,0,1,2,3,4,5,6,7,8,9,10,11,12,13,14,15,16,17,18,19,20,21,22,8,7,6,5,4,3,2,1,2,3,4,5,6,7,8,9,10,11,12,13,14,15,16,17,18,19,20,21,22,23,9,8,7,6,5,4,3,2,3,4,5,6,7,8,9,10,11,12,13,14,15,16,17,18,19,20,21,22,23,24,10,9,8,7,6,5,4,3,4,5,6,7,8,9,10,11,12,13,14,15,16,17,18,19,20,21,22,23,24,25,11,10,9,8,7,6,5,4,5,6,7,8,9,10,11,12,13,14,15,16,17,18,19,20,21,22,23,24,25,26,12,11,10,9,8,7,6,5,6,7,8,9,10,11,12,13,14,15,16,17,18,19,20,21,22,23,24,25,26,27,13,12,11,10,9,8,7,6,7,8,9,10,11,12,13,14,15,16,17,18,19,20,21,22,23,24,25,26,27,28,14,13,12,11,10,9,8,7,8,9,10,11,12,13,14,15,16,17,18,19,20,21,22,23,24,25,26,27,28,29,
211
8,7,8,9,10,11,12,13,14,15,16,17,18,19,20,21,22,23,24,25,26,27,28,29,30,31,32,33,34,35,7,6,7,8,9,10,11,12,13,14,15,16,17,18,19,20,21,22,23,24,25,26,27,28,29,30,31,32,33,34,6,5,6,7,8,9,10,11,12,13,14,15,16,17,18,19,20,21,22,23,24,25,26,27,28,29,30,31,32,33,5,4,5,6,7,8,9,10,11,12,13,14,15,16,17,18,19,20,21,22,23,24,25,26,27,28,29,30,31,32,4,3,4,5,6,7,8,9,10,11,12,13,14,15,16,17,18,19,20,21,22,23,24,25,26,27,28,29,30,31,3,2,3,4,5,6,7,8,9,10,11,12,13,14,15,16,17,18,19,20,21,22,23,24,25,26,27,28,29,30,2,1,2,3,4,5,6,7,8,9,10,11,12,13,14,15,16,17,18,19,20,21,22,23,24,25,26,27,28,29,1,0,1,2,3,4,5,6,7,8,9,10,11,12,13,14,15,16,17,18,19,20,21,22,23,24,25,26,27,28,
4
4,3,2,1,0,1,2,3,4,5,6,7,8,9,10,11,12,13,14,15,16,17,18,19,20,21,22,23,24,25,5,4,3,2,1,2,3,4,5,6,7,8,9,10,11,12,13,14,15,16,17,18,19,20,21,22,23,24,25,26,6,5,4,3,2,3,4,5,6,7,8,9,10,11,12,13,14,15,16,17,18,19,20,21,22,23,24,25,26,27,7,6,5,4,3,4,5,6,7,8,9,10,11,12,13,14,15,16,17,18,19,20,21,22,23,24,25,26,27,28,8,7,6,5,4,5,6,7,8,9,10,11,12,13,14,15,16,17,18,19,20,21,22,23,24,25,26,27,28,29,9,8,7,6,5,6,7,8,9,10,11,12,13,14,15,16,17,18,19,20,21,22,23,24,25,26,27,28,29,30,10,9,8,7,6,7,8,9,10,11,12,13,14,15,16,17,18,19,20,21,22,23,24,25,26,27,28,29,30,31,11,10,9,8,7,8,9,10,11,12,13,14,15,16,17,18,19,20,21,22,23,24,25,26,27,28,29,30,31,32,
236
33,32,31,30,29,28,27,26,25,24,23,22,21,20,19,18,17,16,15,14,13,12,11,10,9,8,7,8,9,10,32,31,30,29,28,27,26,25,24,23,22,21,20,19,18,17,16,15,14,13,12,11,10,9,8,7,6,7,8,9,31,30,29,28,27,26,25,24,23,22,21,20,19,18,17,16,15,14,13,12,11,10,9,8,7,6,5,6,7,8,30,29,28,27,26,25,24,23,22,21,20,19,18,17,16,15,14,13,12,11,10,9,8,7,6,5,4,5,6,7,29,28,27,26,25,24,23,22,21,20,19,18,17,16,15,14,13,12,11,10,9,8,7,6,5,4,3,4,5,6,28,27,26,25,24,23,22,21,20,19,18,17,16,15,14,13,12,11,10,9,8,7,6,5,4,3,2,3,4,5,27,26,25,24,23,22,21,20,19,18,17,16,15,14,13,12,11,10,9,8,7,6,5,4,3,2,1,2,3,4,26,25,24,23,22,21,20,19,18,17,16,15,14,13,12,11,10,9,8,7,6,5,4,3,2,1,0,1,2,3,
233
30,29,28,27,26,25,24,23,22,21,20,19,18,17,16,15,14,13,12,11,10,9,8,7,8,9,10,11,12,13,29,28,27,26,25,24,23,22,21,20,19,18,17,16,15,14,13,12,11,10,9,8,7,6,7,8,9,10,11,12,28,27,26,25,24,23,22,21,20,19,18,17,16,15,14,13,12,11,10,9,8,7,6,5,6,7,8,9,10,11,27,26,25,24,23,22,21,20,19,18,17,16,15,14,13,12,11,10,9,8,7,6,5,4,5,6,7,8,9,10,26,25,24,23,22,21,20,19,18,17,16,15,14,13,12,11,10,9,8,7,6,5,4,3,4,5,6,7,8,9,25,24,23,22,21,20,19,18,17,16,15,14,13,12,11,10,9,8,7,6,5,4,3,2,3,4,5,6,7,8,24,23,22,21,20,19,18,17,16,15,14,13,12,11,10,9,8,7,6,5,4,3,2,1,2,3,4,5,6,7,23,22,21,20,19,18,17,16,15,14,13,12,11,10,9,8,7,6,5,4,3,2,1,0,1,2,3,4,5,6,
1
1,0,1,2,3,4,5,6,7,8,9,10,11,12,13,14,15,16,17,18,19,20,21,22,23,24,25,26,27,28,2,1,2,3,4,5,6,7,8,9,10,11,12,13,14,15,16,17,18,19,20,21,22,23,24,25,26,27,28,29,3,2,3,4,5,6,7,8,9,10,11,12,13,14,15,16,17,18,19,20,21,22,23,24,25,26,27,28,29,30,4,3,4,5,6,7,8,9,10,11,12,13,14,15,16,17,18,19,20,21,22,23,24,25,26,27,28,29,30,31,5,4,5,6,7,8,9,10,11,12,13,14,15,16,17,18,19,20,21,22,23,24,25,26,27,28,29,30,31,32,6,5,6,7,8,9,10,11,12,13,14,15,16,17,18,19,20,21,22,23,24,25,26,27,28,29,30,31,32,33,7,6,7,8,9,10,11,12,13,14,15,16,17,18,19,20,21,22,23,24,25,26,27,28,29,30,31,32,33,34,8,7,8,9,10,11,12,13,14,15,16,17,18,19,20,21,22,23,24,25,26,27,28,29,30,31,32,33,34,35,
19
19,18,17,16,15,14,13,12,11,10,9,8,7,6,5,4,3,2,1,0,1,2,3,4,5,6,7,8,9,10,20,19,18,17,16,15,14,13,12,11,10,9,8,7,6,5,4,3,2,1,2,3,4,5,6,7,8,9,10,11,21,20,19,18,17,16,15,14,13,12,11,10,9,8,7,6,5,4,3,2,3,4,5,6,7,8,9,10,11,12,22,21,20,19,18,17,16,15,14,13,12,11,10,9,8,7,6,5,4,3,4,5,6,7,8,9,10,11,12,13,23,22,21,20,19,18,17,16,15,14,13,12,11,10,9,8,7,6,5,4,5,6,7,8,9,10,11,12,13,14,24,23,22,21,20,19,18,17,16,15,14,13,12,11,10,9,8,7,6,5,6,7,8,9,10,11,12,13,14,15,25,24,23,22,21,20,19,18,17,16,15,14,13,12,11,10,9,8,7,6,7,8,9,10,11,12,13,14,15,16,26,25,24,23,22,21,20,19,18,17,16,15,14,13,12,11,10,9,8,7,8,9,10,11,12,13,14,15,16,17,
222
19,18,17,16,15,14,13,12,11,10,9,8,7,8,9,10,11,12,13,14,15,16,17,18,19,20,21,22,23,24,18,17,16,15,14,13,12,11,10,9,8,7,6,7,8,9,10,11,12,13,14,15,16,17,18,19,20,21,22,23,17,16,15,14,13,12,11,10,9,8,7,6,5,6,7,8,9,10,11,12,13,14,15,16,17,18,19,20,21,22,16,15,14,13,12,11,10,9,8,7,6,5,4,5,6,7,8,9,10,11,12,13,14,15,16,17,18,19,20,21,15,14,13,12,11,10,9,8,7,6,5,4,3,4,5,6,7,8,9,10,11,12,13,14,15,16,17,18,19,20,14,13,12,11,10,9,8,7,6,5,4,3,2,3,4,5,6,7,8,9,10,11,12,13,14,15,16,17,18,19,13,12,11,10,9,8,7,6,5,4,3,2,1,2,3,4,5,6,7,8,9,10,11,12,13,14,15,16,17,18,12,11,10,9,8,7,6,5,4,3,2,1,0,1,2,3,4,5,6,7,8,9,10,11,12,13,14,15,16,17,
10
10,9,8,7,6,5,4,3,2,1,0,1,2,3,4,5,6,7,8,9,10,11,12,13,14,15,16,17,18,19,11,10,9,8,7,6,5,4,3,2,1,2,3,4,5,6,7,8,9,10,11,12,13,14,15,16,17,18,19,20,12,11,10,9,8,7,6,5,4,3,2,3,4,5,6,7,8,9,10,11,12,13,14,15,16,17,18,19,20,21,13,12,11,10,9,8,7,6,5,4,3,4,5,6,7,8,9,10,11,12,13,14,15,16,17,18,19,20,21,22,14,13,12,11,10,9,8,7,6,5,4,5,6,7,8,9,10,11,12,13,14,15,16,17,18,19,20,21,22,23,15,14,13,12,11,10,9,8,7,6,5,6,7,8,9,10,11,12,13,14,15,16,17,18,19,20,21,22,23,24,16,15,14,13,12,11,10,9,8,7,6,7,8,9,10,11,12,13,14,15,16,17,18,19,20,21,22,23,24,25,17,16,15,14,13,12,11,10,9,8,7,8,9,10,11,12,13,14,15,16,17,18,19,20,21,22,23,24,25,26,
213
10,9,8,7,8,9,10,11,12,13,14,15,16,17,18,19,20,21,22,23,24,25,26,27,28,29,30,31,32,33,9,8,7,6,7,8,9,10,11,12,13,14,15,16,17,18,19,20,21,22,23,24,25,26,27,28,29,30,31,32,8,7,6,5,6,7,8,9,10,11,12,13,14,15,16,17,18,19,20,21,22,23,24,25,26,27,28,29,30,31,7,6,5,4,5,6,7,8,9,10,11,12,13,14,15,16,17,18,19,20,21,22,23,24,25,26,27,28,29,30,6,5,4,3,4,5,6,7,8,9,10,11,12,13,14,15,16,17,18,19,20,21,22,23,24,25,26,27,28,29,5,4,3,2,3,4,5,6,7,8,9,10,11,12,13,14,15,16,17,18,19,20,21,22,23,24,25,26,27,28,4,3,2,1,2,3,4,5,6,7,8,9,10,11,12,13,14,15,16,17,18,19,20,21,22,23,24,25,26,27,3,2,1,0,1,2,3,4,5,6,7,8,9,10,11,12,13,14,15,16,17,18,19,20,21,22,23,24,25,26,
13
13,12,11,10,9,8,7,6,5,4,3,2,1,0,1,2,3,4,5,6,7,8,9,10,11,12,13,14,15,16,14,13,12,11,10,9,8,7,6,5,4,3,2,1,2,3,4,5,6,7,8,9,10,11,12,13,14,15,16,17,15,14,13,12,11,10,9,8,7,6,5,4,3,2,3,4,5,6,7,8,9,10,11,12,13,14,15,16,17,18,16,15,14,13,12,11,10,9,8,7,6,5,4,3,4,5,6,7,8,9,10,11,12,13,14,15,16,17,18,19,17,16,15,14,13,12,11,10,9,8,7,6,5,4,5,6,7,8,9,10,11,12,13,14,15,16,17,18,19,20,18,17,16,15,14,13,12,11,10,9,8,7,6,5,6,7,8,9,10,11,12,13,14,15,16,17,18,19,20,21,19,18,17,16,15,14,13,12,11,10,9,8,7,6,7,8,9,10,11,12,13,14,15,16,17,18,19,20,21,22,20,19,18,17,16,15,14,13,12,11,10,9,8,7,8,9,10,11,12,13,14,15,16,17,18,19,20,21,22,23,
216
13,12,11,10,9,8,7,8,9,10,11,12,13,14,15,16,17,18,19,20,21,22,23,24,25,26,27,28,29,30,12,11,10,9,8,7,6,7,8,9,10,11,12,13,14,15,16,17,18,19,20,21,22,23,24,25,26,27,28,29,11,10,9,8,7,6,5,6,7,8,9,10,11,12,13,14,15,16,17,18,19,20,21,22,23,24,25,26,27,28,10,9,8,7,6,5,4,5,6,7,8,9,10,11,12,13,14,15,16,17,18,19,20,21,22,23,24,25,26,27,9,8,7,6,5,4,3,4,5,6,7,8,9,10,11,12,13,14,15,16,17,18,19,20,21,22,23,24,25,26,8,7,6,5,4,3,2,3,4,5,6,7,8,9,10,11,12,13,14,15,16,17,18,19,20,21,22,23,24,25,7,6,5,4,3,2,1,2,3,4,5,6,7,8,9,10,11,12,13,14,15,16,17,18,19,20,21,22,23,24,6,5,4,3,2,1,0,1,2,3,4,5,6,7,8,9,10,11,12,13,14,15,16,17,18,19,20,21,22,23,
218
15,14,13,12,11,10,9,8,7,8,9,10,11,12,13,14,15,16,17,18,19,20,21,22,23,24,25,26,27,28,14,13,12,11,10,9,8,7,6,7,8,9,10,11,12,13,14,15,16,17,18,19,20,21,22,23,24,25,26,27,13,12,11,10,9,8,7,6,5,6,7,8,9,10,11,12,13,14,15,16,17,18,19,20,21,22,23,24,25,26,12,11,10,9,8,7,6,5,4,5,6,7,8,9,10,11,12,13,14,15,16,17,18,19,20,21,22,23,24,25,11,10,9,8,7,6,5,4,3,4,5,6,7,8,9,10,11,12,13,14,15,16,17,18,19,20,21,22,23,24,10,9,8,7,6,5,4,3,2,3,4,5,6,7,8,9,10,11,12,13,14,15,16,17,18,19,20,21,22,23,9,8,7,6,5,4,3,2,1,2,3,4,5,6,7,8,9,10,11,12,13,14,15,16,17,18,19,20,21,22,8,7,6,5,4,3,2,1,0,1,2,3,4,5,6,7,8,9,10,11,12,13,14,15,16,17,18,19,20,21,
223
20,19,18,17,16,15,14,13,12,11,10,9,8,7,8,9,10,11,12,13,14,15,16,17,18,19,20,21,22,23,19,18,17,16,15,14,13,12,11,10,9,8,7,6,7,8,9,10,11,12,13,14,15,16,17,18,19,20,21,22,18,17,16,15,14,13,12,11,10,9,8,7,6,5,6,7,8,9,10,11,12,13,14,15,16,17,18,19,20,21,17,16,15,14,13,12,11,10,9,8,7,6,5,4,5,6,7,8,9,10,11,12,13,14,15,16,17,18,19,20,16,15,14,13,12,11,10,9,8,7,6,5,4,3,4,5,6,7,8,9,10,11,12,13,14,15,16,17,18,19,15,14,13,12,11,10,9,8,7,6,5,4,3,2,3,4,5,6,7,8,9,10,11,12,13,14,15,16,17,18,14,13,12,11,10,9,8,7,6,5,4,3,2,1,2,3,4,5,6,7,8,9,10,11,12,13,14,15,16,17,13,12,11,10,9,8,7,6,5,4,3,2,1,0,1,2,3,4,5,6,7,8,9,10,11,12,13,14,15,16,
227
24,23,22,21,20,19,18,17,16,15,14,13,12,11,10,9,8,7,8,9,10,11,12,13,14,15,16,17,18,19,23,22,21,20,19,18,17,16,15,14,13,12,11,10,9,8,7,6,7,8,9,10,11,12,13,14,15,16,17,18,22,21,20,19,18,17,16,15,14,13,12,11,10,9,8,7,6,5,6,7,8,9,10,11,12,13,14,15,16,17,21,20,19,18,17,16,15,14,13,12,11,10,9,8,7,6,5,4,5,6,7,8,9,10,11,12,13,14,15,16,20,19,18,17,16,15,14,13,12,11,10,9,8,7,6,5,4,3,4,5,6,7,8,9,10,11,12,13,14,15,19,18,17,16,15,14,13,12,11,10,9,8,7,6,5,4,3,2,3,4,5,6,7,8,9,10,11,12,13,14,18,17,16,15,14,13,12,11,10,9,8,7,6,5,4,3,2,1,2,3,4,5,6,7,8,9,10,11,12,13,17,16,15,14,13,12,11,10,9,8,7,6,5,4,3,2,1,0,1,2,3,4,5,6,7,8,9,10,11,12,
226
23,22,21,20,19,18,17,16,15,14,13,12,11,10,9,8,7,8,9,10,11,12,13,14,15,16,17,18,19,20,22,21,20,19,18,17,16,15,14,13,12,11,10,9,8,7,6,7,8,9,10,11,12,13,14,15,16,17,18,19,21,20,19,18,17,16,15,14,13,12,11,10,9,8,7,6,5,6,7,8,9,10,11,12,13,14,15,16,17,18,20,19,18,17,16,15,14,13,12,11,10,9,8,7,6,5,4,5,6,7,8,9,10,11,12,13,14,15,16,17,19,18,17,16,15,14,13,12,11,10,9,8,7,6,5,4,3,4,5,6,7,8,9,10,11,12,13,14,15,16,18,17,16,15,14,13,12,11,10,9,8,7,6,5,4,3,2,3,4,5,6,7,8,9,10,11,12,13,14,15,17,16,15,14,13,12,11,10,9,8,7,6,5,4,3,2,1,2,3,4,5,6,7,8,9,10,11,12,13,14,16,15,14,13,12,11,10,9,8,7,6,5,4,3,2,1,0,1,2,3,4,5,6,7,8,9,10,11,12,13,
232
29,28,27,26,25,24,23,22,21,20,19,18,17,16,15,14,13,12,11,10,9,8,7,8,9,10,11,12,13,14,28,27,26,25,24,23,22,21,20,19,18,17,16,15,14,13,12,11,10,9,8,7,6,7,8,9,10,11,12,13,27,26,25,24,23,22,21,20,19,18,17,16,15,14,13,12,11,10,9,8,7,6,5,6,7,8,9,10,11,12,26,25,24,23,22,21,20,19,18,17,16,15,14,13,12,11,10,9,8,7,6,5,4,5,6,7,8,9,10,11,25,24,23,22,21,20,19,18,17,16,15,14,13,12,11,10,9,8,7,6,5,4,3,4,5,6,7,8,9,10,24,23,22,21,20,19,18,17,16,15,14,13,12,11,10,9,8,7,6,5,4,3,2,3,4,5,6,7,8,9,23,22,21,20,19,18,17,16,15,14,13,12,11,10,9,8,7,6,5,4,3,2,1,2,3,4,5,6,7,8,22,21,20,19,18,17,16,15,14,13,12,11,10,9,8,7,6,5,4,3,2,1,0,1,2,3,4,5,6,7,
237
34,33,32,31,30,29,28,27,26,25,24,23,22,21,20,19,18,17,16,15,14,13,12,11,10,9,8,7,8,9,33,32,31,30,29,28,27,26,25,24,23,22,21,20,19,18,17,16,15,14,13,12,11,10,9,8,7,6,7,8,32,31,30,29,28,27,26,25,24,23,22,21,20,19,18,17,16,15,14,13,12,11,10,9,8,7,6,5,6,7,31,30,29,28,27,26,25,24,23,22,21,20,19,18,17,16,15,14,13,12,11,10,9,8,7,6,5,4,5,6,30,29,28,27,26,25,24,23,22,21,20,19,18,17,16,15,14,13,12,11,10,9,8,7,6,5,4,3,4,5,29,28,27,26,25,24,23,22,21,20,19,18,17,16,15,14,13,12,11,10,9,8,7,6,5,4,3,2,3,4,28,27,26,25,24,23,22,21,20,19,18,17,16,15,14,13,12,11,10,9,8,7,6,5,4,3,2,1,2,3,27,26,25,24,23,22,21,20,19,18,17,16,15,14,13,12,11,10,9,8,7,6,5,4,3,2,1,0,1,2,
221
18,17,16,15,14,13,12,11,10,9,8,7,8,9,10,11,12,13,14,15,16,17,18,19,20,21,22,23,24,25,17,16,15,14,13,12,11,10,9,8,7,6,7,8,9,10,11,12,13,14,15,16,17,18,19,20,21,22,23,24,16,15,14,13,12,11,10,9,8,7,6,5,6,7,8,9,10,11,12,13,14,15,16,17,18,19,20,21,22,23,15,14,13,12,11,10,9,8,7,6,5,4,5,6,7,8,9,10,11,12,13,14,15,16,17,18,19,20,21,22,14,13,12,11,10,9,8,7,6,5,4,3,4,5,6,7,8,9,10,11,12,13,14,15,16,17,18,19,20,21,13,12,11,10,9,8,7,6,5,4,3,2,3,4,5,6,7,8,9,10,11,12,13,14,15,16,17,18,19,20,12,11,10,9,8,7,6,5,4,3,2,1,2,3,4,5,6,7,8,9,10,11,12,13,14,15,16,17,18,19,11,10,9,8,7,6,5,4,3,2,1,0,1,2,3,4,5,6,7,8,9,10,11,12,13,14,15,16,17,18,
238
35,34,33,32,31,30,29,28,27,26,25,24,23,22,21,20,19,18,17,16,15,14,13,12,11,10,9,8,7,8,34,33,32,31,30,29,28,27,26,25,24,23,22,21,20,19,18,17,16,15,14,13,12,11,10,9,8,7,6,7,33,32,31,30,29,28,27,26,25,24,23,22,21,20,19,18,17,16,15,14,13,12,11,10,9,8,7,6,5,6,32,31,30,29,28,27,26,25,24,23,22,21,20,19,18,17,16,15,14,13,12,11,10,9,8,7,6,5,4,5,31,30,29,28,27,26,25,24,23,22,21,20,19,18,17,16,15,14,13,12,11,10,9,8,7,6,5,4,3,4,30,29,28,27,26,25,24,23,22,21,20,19,18,17,16,15,14,13,12,11,10,9,8,7,6,5,4,3,2,3,29,28,27,26,25,24,23,22,21,20,19,18,17,16,15,14,13,12,11,10,9,8,7,6,5,4,3,2,1,2,28,27,26,25,24,23,22,21,20,19,18,17,16,15,14,13,12,11,10,9,8,7,6,5,4,3,2,1,0,1,
