table_size
40,400
209
19,18,17,16,15,14,13,12,11,10,11,12,13,14,15,16,17,18,19,20,18,17,16,15,14,13,12,11,10,9,10,11,12,13,14,15,16,17,18,19,17,16,15,14,13,12,11,10,9,8,9,10,11,12,13,14,15,16,17,18,16,15,14,13,12,11,10,9,8,7,8,9,10,11,12,13,14,15,16,17,15,14,13,12,11,10,9,8,7,6,7,8,9,10,11,12,13,14,15,16,14,13,12,11,10,9,8,7,6,5,6,7,8,9,10,11,12,13,14,15,13,12,11,10,9,8,7,6,5,4,5,6,7,8,9,10,11,12,13,14,12,11,10,9,8,7,6,5,4,3,4,5,6,7,8,9,10,11,12,13,11,10,9,8,7,6,5,4,3,2,3,4,5,6,7,8,9,10,11,12,10,9,8,7,6,5,4,3,2,1,2,3,4,5,6,7,8,9,10,11,9,8,7,6,5,4,3,2,1,0,1,2,3,4,5,6,7,8,9,10,10,9,8,7,6,5,4,3,2,1,2,3,4,5,6,7,8,9,10,11,11,10,9,8,7,6,5,4,3,2,3,4,5,6,7,8,9,10,11,12,12,11,10,9,8,7,6,5,4,3,4,5,6,7,8,9,10,11,12,13,13,12,11,10,9,8,7,6,5,4,5,6,7,8,9,10,11,12,13,14,14,13,12,11,10,9,8,7,6,5,6,7,8,9,10,11,12,13,14,15,15,14,13,12,11,10,9,8,7,6,7,8,9,10,11,12,13,14,15,16,16,15,14,13,12,11,10,9,8,7,8,9,10,11,12,13,14,15,16,17,17,16,15,14,13,12,11,10,9,8,9,10,11,12,13,14,15,16,17,18,18,17,16,15,14,13,12,11,10,9,10,11,12,13,14,15,16,17,18,19,
250
22,21,20,19,18,17,16,15,14,13,12,13,14,15,16,17,18,19,20,21,21,20,19,18,17,16,15,14,13,12,11,12,13,14,15,16,17,18,19,20,20,19,18,17,16,15,14,13,12,11,10,11,12,13,14,15,16,17,18,19,19,18,17,16,15,14,13,12,11,10,9,10,11,12,13,14,15,16,17,18,18,17,16,15,14,13,12,11,10,9,8,9,10,11,12,13,14,15,16,17,17,16,15,14,13,12,11,10,9,8,7,8,9,10,11,12,13,14,15,16,16,15,14,13,12,11,10,9,8,7,6,7,8,9,10,11,12,13,14,15,15,14,13,12,11,10,9,8,7,6,5,6,7,8,9,10,11,12,13,14,14,13,12,11,10,9,8,7,6,5,4,5,6,7,8,9,10,11,12,13,13,12,11,10,9,8,7,6,5,4,3,4,5,6,7,8,9,10,11,12,12,11,10,9,8,7,6,5,4,3,2,3,4,5,6,7,8,9,10,11,11,10,9,8,7,6,5,4,3,2,1,2,3,4,5,6,7,8,9,10,10,9,8,7,6,5,4,3,2,1,0,1,2,3,4,5,6,7,8,9,11,10,9,8,7,6,5,4,3,2,1,2,3,4,5,6,7,8,9,10,12,11,10,9,8,7,6,5,4,3,2,3,4,5,6,7,8,9,10,11,13,12,11,10,9,8,7,6,5,4,3,4,5,6,7,8,9,10,11,12,14,13,12,11,10,9,8,7,6,5,4,5,6,7,8,9,10,11,12,13,15,14,13,12,11,10,9,8,7,6,5,6,7,8,9,10,11,12,13,14,16,15,14,13,12,11,10,9,8,7,6,7,8,9,10,11,12,13,14,15,17,16,15,14,13,12,11,10,9,8,7,8,9,10,11,12,13,14,15,16,
190
19,18,17,16,15,14,13,12,11,10,9,10,11,12,13,14,15,16,17,18,18,17,16,15,14,13,12,11,10,9,8,9,10,11,12,13,14,15,16,17,17,16,15,14,13,12,11,10,9,8,7,8,9,10,11,12,13,14,15,16,16,15,14,13,12,11,10,9,8,7,6,7,8,9,10,11,12,13,14,15,15,14,13,12,11,10,9,8,7,6,5,6,7,8,9,10,11,12,13,14,14,13,12,11,10,9,8,7,6,5,4,5,6,7,8,9,10,11,12,13,13,12,11,10,9,8,7,6,5,4,3,4,5,6,7,8,9,10,11,12,12,11,10,9,8,7,6,5,4,3,2,3,4,5,6,7,8,9,10,11,11,10,9,8,7,6,5,4,3,2,1,2,3,4,5,6,7,8,9,10,10,9,8,7,6,5,4,3,2,1,0,1,2,3,4,5,6,7,8,9,11,10,9,8,7,6,5,4,3,2,1,2,3,4,5,6,7,8,9,10,12,11,10,9,8,7,6,5,4,3,2,3,4,5,6,7,8,9,10,11,13,12,11,10,9,8,7,6,5,4,3,4,5,6,7,8,9,10,11,12,14,13,12,11,10,9,8,7,6,5,4,5,6,7,8,9,10,11,12,13,15,14,13,12,11,10,9,8,7,6,5,6,7,8,9,10,11,12,13,14,16,15,14,13,12,11,10,9,8,7,6,7,8,9,10,11,12,13,14,15,17,16,15,14,13,12,11,10,9,8,7,8,9,10,11,12,13,14,15,16,18,17,16,15,14,13,12,11,10,9,8,9,10,11,12,13,14,15,16,17,19,18,17,16,15,14,13,12,11,10,9,10,11,12,13,14,15,16,17,18,20,19,18,17,16,15,14,13,12,11,10,11,12,13,14,15,16,17,18,19,
189
18,17,16,15,14,13,12,11,10,9,10,11,12,13,14,15,16,17,18,19,17,16,15,14,13,12,11,10,9,8,9,10,11,12,13,14,15,16,17,18,16,15,14,13,12,11,10,9,8,7,8,9,10,11,12,13,14,15,16,17,15,14,13,12,11,10,9,8,7,6,7,8,9,10,11,12,13,14,15,16,14,13,12,11,10,9,8,7,6,5,6,7,8,9,10,11,12,13,14,15,13,12,11,10,9,8,7,6,5,4,5,6,7,8,9,10,11,12,13,14,12,11,10,9,8,7,6,5,4,3,4,5,6,7,8,9,10,11,12,13,11,10,9,8,7,6,5,4,3,2,3,4,5,6,7,8,9,10,11,12,10,9,8,7,6,5,4,3,2,1,2,3,4,5,6,7,8,9,10,11,9,8,7,6,5,4,3,2,1,0,1,2,3,4,5,6,7,8,9,10,10,9,8,7,6,5,4,3,2,1,2,3,4,5,6,7,8,9,10,11,11,10,9,8,7,6,5,4,3,2,3,4,5,6,7,8,9,10,11,12,12,11,10,9,8,7,6,5,4,3,4,5,6,7,8,9,10,11,12,13,13,12,11,10,9,8,7,6,5,4,5,6,7,8,9,10,11,12,13,14,14,13,12,11,10,9,8,7,6,5,6,7,8,9,10,11,12,13,14,15,15,14,13,12,11,10,9,8,7,6,7,8,9,10,11,12,13,14,15,16,16,15,14,13,12,11,10,9,8,7,8,9,10,11,12,13,14,15,16,17,17,16,15,14,13,12,11,10,9,8,9,10,11,12,13,14,15,16,17,18,18,17,16,15,14,13,12,11,10,9,10,11,12,13,14,15,16,17,18,19,19,18,17,16,15,14,13,12,11,10,11,12,13,14,15,16,17,18,19,20,
247
19,18,17,16,15,14,13,12,13,14,15,16,17,18,19,20,21,22,23,24,18,17,16,15,14,13,12,11,12,13,14,15,16,17,18,19,20,21,22,23,17,16,15,14,13,12,11,10,11,12,13,14,15,16,17,18,19,20,21,22,16,15,14,13,12,11,10,9,10,11,12,13,14,15,16,17,18,19,20,21,15,14,13,12,11,10,9,8,9,10,11,12,13,14,15,16,17,18,19,20,14,13,12,11,10,9,8,7,8,9,10,11,12,13,14,15,16,17,18,19,13,12,11,10,9,8,7,6,7,8,9,10,11,12,13,14,15,16,17,18,12,11,10,9,8,7,6,5,6,7,8,9,10,11,12,13,14,15,16,17,11,10,9,8,7,6,5,4,5,6,7,8,9,10,11,12,13,14,15,16,10,9,8,7,6,5,4,3,4,5,6,7,8,9,10,11,12,13,14,15,9,8,7,6,5,4,3,2,3,4,5,6,7,8,9,10,11,12,13,14,8,7,6,5,4,3,2,1,2,3,4,5,6,7,8,9,10,11,12,13,7,6,5,4,3,2,1,0,1,2,3,4,5,6,7,8,9,10,11,12,8,7,6,5,4,3,2,1,2,3,4,5,6,7,8,9,10,11,12,13,9,8,7,6,5,4,3,2,3,4,5,6,7,8,9,10,11,12,13,14,10,9,8,7,6,5,4,3,4,5,6,7,8,9,10,11,12,13,14,15,11,10,9,8,7,6,5,4,5,6,7,8,9,10,11,12,13,14,15,16,12,11,10,9,8,7,6,5,6,7,8,9,10,11,12,13,14,15,16,17,13,12,11,10,9,8,7,6,7,8,9,10,11,12,13,14,15,16,17,18,14,13,12,11,10,9,8,7,8,9,10,11,12,13,14,15,16,17,18,19,
160
8,9,10,11,12,13,14,15,16,17,18,19,20,21,22,23,24,25,26,27,7,8,9,10,11,12,13,14,15,16,17,18,19,20,21,22,23,24,25,26,6,7,8,9,10,11,12,13,14,15,16,17,18,19,20,21,22,23,24,25,5,6,7,8,9,10,11,12,13,14,15,16,17,18,19,20,21,22,23,24,4,5,6,7,8,9,10,11,12,13,14,15,16,17,18,19,20,21,22,23,3,4,5,6,7,8,9,10,11,12,13,14,15,16,17,18,19,20,21,22,2,3,4,5,6,7,8,9,10,11,12,13,14,15,16,17,18,19,20,21,1,2,3,4,5,6,7,8,9,10,11,12,13,14,15,16,17,18,19,20,0,1,2,3,4,5,6,7,8,9,10,11,12,13,14,15,16,17,18,19,1,2,3,4,5,6,7,8,9,10,11,12,13,14,15,16,17,18,19,20,2,3,4,5,6,7,8,9,10,11,12,13,14,15,16,17,18,19,20,21,3,4,5,6,7,8,9,10,11,12,13,14,15,16,17,18,19,20,21,22,4,5,6,7,8,9,10,11,12,13,14,15,16,17,18,19,20,21,22,23,5,6,7,8,9,10,11,12,13,14,15,16,17,18,19,20,21,22,23,24,6,7,8,9,10,11,12,13,14,15,16,17,18,19,20,21,22,23,24,25,7,8,9,10,11,12,13,14,15,16,17,18,19,20,21,22,23,24,25,26,8,9,10,11,12,13,14,15,16,17,18,19,20,21,22,23,24,25,26,27,9,10,11,12,13,14,15,16,17,18,19,20,21,22,23,24,25,26,27,28,10,11,12,13,14,15,16,17,18,19,20,21,22,23,24,25,26,27,28,29,11,12,13,14,15,16,17,18,19,20,21,22,23,24,25,26,27,28,29,30,
152
19,18,17,16,15,14,13,12,11,10,9,8,7,8,9,10,11,12,13,14,18,17,16,15,14,13,12,11,10,9,8,7,6,7,8,9,10,11,12,13,17,16,15,14,13,12,11,10,9,8,7,6,5,6,7,8,9,10,11,12,16,15,14,13,12,11,10,9,8,7,6,5,4,5,6,7,8,9,10,11,15,14,13,12,11,10,9,8,7,6,5,4,3,4,5,6,7,8,9,10,14,13,12,11,10,9,8,7,6,5,4,3,2,3,4,5,6,7,8,9,13,12,11,10,9,8,7,6,5,4,3,2,1,2,3,4,5,6,7,8,12,11,10,9,8,7,6,5,4,3,2,1,0,1,2,3,4,5,6,7,13,12,11,10,9,8,7,6,5,4,3,2,1,2,3,4,5,6,7,8,14,13,12,11,10,9,8,7,6,5,4,3,2,3,4,5,6,7,8,9,15,14,13,12,11,10,9,8,7,6,5,4,3,4,5,6,7,8,9,10,16,15,14,13,12,11,10,9,8,7,6,5,4,5,6,7,8,9,10,11,17,16,15,14,13,12,11,10,9,8,7,6,5,6,7,8,9,10,11,12,18,17,16,15,14,13,12,11,10,9,8,7,6,7,8,9,10,11,12,13,19,18,17,16,15,14,13,12,11,10,9,8,7,8,9,10,11,12,13,14,20,19,18,17,16,15,14,13,12,11,10,9,8,9,10,11,12,13,14,15,21,20,19,18,17,16,15,14,13,12,11,10,9,10,11,12,13,14,15,16,22,21,20,19,18,17,16,15,14,13,12,11,10,11,12,13,14,15,16,17,23,22,21,20,19,18,17,16,15,14,13,12,11,12,13,14,15,16,17,18,24,23,22,21,20,19,18,17,16,15,14,13,12,13,14,15,16,17,18,19,
210
20,19,18,17,16,15,14,13,12,11,10,11,12,13,14,15,16,17,18,19,19,18,17,16,15,14,13,12,11,10,9,10,11,12,13,14,15,16,17,18,18,17,16,15,14,13,12,11,10,9,8,9,10,11,12,13,14,15,16,17,17,16,15,14,13,12,11,10,9,8,7,8,9,10,11,12,13,14,15,16,16,15,14,13,12,11,10,9,8,7,6,7,8,9,10,11,12,13,14,15,15,14,13,12,11,10,9,8,7,6,5,6,7,8,9,10,11,12,13,14,14,13,12,11,10,9,8,7,6,5,4,5,6,7,8,9,10,11,12,13,13,12,11,10,9,8,7,6,5,4,3,4,5,6,7,8,9,10,11,12,12,11,10,9,8,7,6,5,4,3,2,3,4,5,6,7,8,9,10,11,11,10,9,8,7,6,5,4,3,2,1,2,3,4,5,6,7,8,9,10,10,9,8,7,6,5,4,3,2,1,0,1,2,3,4,5,6,7,8,9,11,10,9,8,7,6,5,4,3,2,1,2,3,4,5,6,7,8,9,10,12,11,10,9,8,7,6,5,4,3,2,3,4,5,6,7,8,9,10,11,13,12,11,10,9,8,7,6,5,4,3,4,5,6,7,8,9,10,11,12,14,13,12,11,10,9,8,7,6,5,4,5,6,7,8,9,10,11,12,13,15,14,13,12,11,10,9,8,7,6,5,6,7,8,9,10,11,12,13,14,16,15,14,13,12,11,10,9,8,7,6,7,8,9,10,11,12,13,14,15,17,16,15,14,13,12,11,10,9,8,7,8,9,10,11,12,13,14,15,16,18,17,16,15,14,13,12,11,10,9,8,9,10,11,12,13,14,15,16,17,19,18,17,16,15,14,13,12,11,10,9,10,11,12,13,14,15,16,17,18,
239
30,29,28,27,26,25,24,23,22,21,20,19,18,17,16,15,14,13,12,11,29,28,27,26,25,24,23,22,21,20,19,18,17,16,15,14,13,12,11,10,28,27,26,25,24,23,22,21,20,19,18,17,16,15,14,13,12,11,10,9,27,26,25,24,23,22,21,20,19,18,17,16,15,14,13,12,11,10,9,8,26,25,24,23,22,21,20,19,18,17,16,15,14,13,12,11,10,9,8,7,25,24,23,22,21,20,19,18,17,16,15,14,13,12,11,10,9,8,7,6,24,23,22,21,20,19,18,17,16,15,14,13,12,11,10,9,8,7,6,5,23,22,21,20,19,18,17,16,15,14,13,12,11,10,9,8,7,6,5,4,22,21,20,19,18,17,16,15,14,13,12,11,10,9,8,7,6,5,4,3,21,20,19,18,17,16,15,14,13,12,11,10,9,8,7,6,5,4,3,2,20,19,18,17,16,15,14,13,12,11,10,9,8,7,6,5,4,3,2,1,19,18,17,16,15,14,13,12,11,10,9,8,7,6,5,4,3,2,1,0,20,19,18,17,16,15,14,13,12,11,10,9,8,7,6,5,4,3,2,1,21,20,19,18,17,16,15,14,13,12,11,10,9,8,7,6,5,4,3,2,22,21,20,19,18,17,16,15,14,13,12,11,10,9,8,7,6,5,4,3,23,22,21,20,19,18,17,16,15,14,13,12,11,10,9,8,7,6,5,4,24,23,22,21,20,19,18,17,16,15,14,13,12,11,10,9,8,7,6,5,25,24,23,22,21,20,19,18,17,16,15,14,13,12,11,10,9,8,7,6,26,25,24,23,22,21,20,19,18,17,16,15,14,13,12,11,10,9,8,7,27,26,25,24,23,22,21,20,19,18,17,16,15,14,13,12,11,10,9,8,
7
7,6,5,4,3,2,1,0,1,2,3,4,5,6,7,8,9,10,11,12,8,7,6,5,4,3,2,1,2,3,4,5,6,7,8,9,10,11,12,13,9,8,7,6,5,4,3,2,3,4,5,6,7,8,9,10,11,12,13,14,10,9,8,7,6,5,4,3,4,5,6,7,8,9,10,11,12,13,14,15,11,10,9,8,7,6,5,4,5,6,7,8,9,10,11,12,13,14,15,16,12,11,10,9,8,7,6,5,6,7,8,9,10,11,12,13,14,15,16,17,13,12,11,10,9,8,7,6,7,8,9,10,11,12,13,14,15,16,17,18,14,13,12,11,10,9,8,7,8,9,10,11,12,13,14,15,16,17,18,19,15,14,13,12,11,10,9,8,9,10,11,12,13,14,15,16,17,18,19,20,16,15,14,13,12,11,10,9,10,11,12,13,14,15,16,17,18,19,20,21,17,16,15,14,13,12,11,10,11,12,13,14,15,16,17,18,19,20,21,22,18,17,16,15,14,13,12,11,12,13,14,15,16,17,18,19,20,21,22,23,19,18,17,16,15,14,13,12,13,14,15,16,17,18,19,20,21,22,23,24,20,19,18,17,16,15,14,13,14,15,16,17,18,19,20,21,22,23,24,25,21,20,19,18,17,16,15,14,15,16,17,18,19,20,21,22,23,24,25,26,22,21,20,19,18,17,16,15,16,17,18,19,20,21,22,23,24,25,26,27,23,22,21,20,19,18,17,16,17,18,19,20,21,22,23,24,25,26,27,28,24,23,22,21,20,19,18,17,18,19,20,21,22,23,24,25,26,27,28,29,25,24,23,22,21,20,19,18,19,20,21,22,23,24,25,26,27,28,29,30,26,25,24,23,22,21,20,19,20,21,22,23,24,25,26,27,28,29,30,31,
252
24,23,22,21,20,19,18,17,16,15,14,13,12,13,14,15,16,17,18,19,23,22,21,20,19,18,17,16,15,14,13,12,11,12,13,14,15,16,17,18,22,21,20,19,18,17,16,15,14,13,12,11,10,11,12,13,14,15,16,17,21,20,19,18,17,16,15,14,13,12,11,10,9,10,11,12,13,14,15,16,20,19,18,17,16,15,14,13,12,11,10,9,8,9,10,11,12,13,14,15,19,18,17,16,15,14,13,12,11,10,9,8,7,8,9,10,11,12,13,14,18,17,16,15,14,13,12,11,10,9,8,7,6,7,8,9,10,11,12,13,17,16,15,14,13,12,11,10,9,8,7,6,5,6,7,8,9,10,11,12,16,15,14,13,12,11,10,9,8,7,6,5,4,5,6,7,8,9,10,11,15,14,13,12,11,10,9,8,7,6,5,4,3,4,5,6,7,8,9,10,14,13,12,11,10,9,8,7,6,5,4,3,2,3,4,5,6,7,8,9,13,12,11,10,9,8,7,6,5,4,3,2,1,2,3,4,5,6,7,8,12,11,10,9,8,7,6,5,4,3,2,1,0,1,2,3,4,5,6,7,13,12,11,10,9,8,7,6,5,4,3,2,1,2,3,4,5,6,7,8,14,13,12,11,10,9,8,7,6,5,4,3,2,3,4,5,6,7,8,9,15,14,13,12,11,10,9,8,7,6,5,4,3,4,5,6,7,8,9,10,16,15,14,13,12,11,10,9,8,7,6,5,4,5,6,7,8,9,10,11,17,16,15,14,13,12,11,10,9,8,7,6,5,6,7,8,9,10,11,12,18,17,16,15,14,13,12,11,10,9,8,7,6,7,8,9,10,11,12,13,19,18,17,16,15,14,13,12,11,10,9,8,7,8,9,10,11,12,13,14,
150
17,16,15,14,13,12,11,10,9,8,7,8,9,10,11,12,13,14,15,16,16,15,14,13,12,11,10,9,8,7,6,7,8,9,10,11,12,13,14,15,15,14,13,12,11,10,9,8,7,6,5,6,7,8,9,10,11,12,13,14,14,13,12,11,10,9,8,7,6,5,4,5,6,7,8,9,10,11,12,13,13,12,11,10,9,8,7,6,5,4,3,4,5,6,7,8,9,10,11,12,12,11,10,9,8,7,6,5,4,3,2,3,4,5,6,7,8,9,10,11,11,10,9,8,7,6,5,4,3,2,1,2,3,4,5,6,7,8,9,10,10,9,8,7,6,5,4,3,2,1,0,1,2,3,4,5,6,7,8,9,11,10,9,8,7,6,5,4,3,2,1,2,3,4,5,6,7,8,9,10,12,11,10,9,8,7,6,5,4,3,2,3,4,5,6,7,8,9,10,11,13,12,11,10,9,8,7,6,5,4,3,4,5,6,7,8,9,10,11,12,14,13,12,11,10,9,8,7,6,5,4,5,6,7,8,9,10,11,12,13,15,14,13,12,11,10,9,8,7,6,5,6,7,8,9,10,11,12,13,14,16,15,14,13,12,11,10,9,8,7,6,7,8,9,10,11,12,13,14,15,17,16,15,14,13,12,11,10,9,8,7,8,9,10,11,12,13,14,15,16,18,17,16,15,14,13,12,11,10,9,8,9,10,11,12,13,14,15,16,17,19,18,17,16,15,14,13,12,11,10,9,10,11,12,13,14,15,16,17,18,20,19,18,17,16,15,14,13,12,11,10,11,12,13,14,15,16,17,18,19,21,20,19,18,17,16,15,14,13,12,11,12,13,14,15,16,17,18,19,20,22,21,20,19,18,17,16,15,14,13,12,13,14,15,16,17,18,19,20,21,
391
30,29,28,27,26,25,24,23,22,21,20,19,20,21,22,23,24,25,26,27,29,28,27,26,25,24,23,22,21,20,19,18,19,20,21,22,23,24,25,26,28,27,26,25,24,23,22,21,20,19,18,17,18,19,20,21,22,23,24,25,27,26,25,24,23,22,21,20,19,18,17,16,17,18,19,20,21,22,23,24,26,25,24,23,22,21,20,19,18,17,16,15,16,17,18,19,20,21,22,23,25,24,23,22,21,20,19,18,17,16,15,14,15,16,17,18,19,20,21,22,24,23,22,21,20,19,18,17,16,15,14,13,14,15,16,17,18,19,20,21,23,22,21,20,19,18,17,16,15,14,13,12,13,14,15,16,17,18,19,20,22,21,20,19,18,17,16,15,14,13,12,11,12,13,14,15,16,17,18,19,21,20,19,18,17,16,15,14,13,12,11,10,11,12,13,14,15,16,17,18,20,19,18,17,16,15,14,13,12,11,10,9,10,11,12,13,14,15,16,17,19,18,17,16,15,14,13,12,11,10,9,8,9,10,11,12,13,14,15,16,18,17,16,15,14,13,12,11,10,9,8,7,8,9,10,11,12,13,14,15,17,16,15,14,13,12,11,10,9,8,7,6,7,8,9,10,11,12,13,14,16,15,14,13,12,11,10,9,8,7,6,5,6,7,8,9,10,11,12,13,15,14,13,12,11,10,9,8,7,6,5,4,5,6,7,8,9,10,11,12,14,13,12,11,10,9,8,7,6,5,4,3,4,5,6,7,8,9,10,11,13,12,11,10,9,8,7,6,5,4,3,2,3,4,5,6,7,8,9,10,12,11,10,9,8,7,6,5,4,3,2,1,2,3,4,5,6,7,8,9,11,10,9,8,7,6,5,4,3,2,1,0,1,2,3,4,5,6,7,8,
179
27,26,25,24,23,22,21,20,19,18,17,16,15,14,13,12,11,10,9,8,26,25,24,23,22,21,20,19,18,17,16,15,14,13,12,11,10,9,8,7,25,24,23,22,21,20,19,18,17,16,15,14,13,12,11,10,9,8,7,6,24,23,22,21,20,19,18,17,16,15,14,13,12,11,10,9,8,7,6,5,23,22,21,20,19,18,17,16,15,14,13,12,11,10,9,8,7,6,5,4,22,21,20,19,18,17,16,15,14,13,12,11,10,9,8,7,6,5,4,3,21,20,19,18,17,16,15,14,13,12,11,10,9,8,7,6,5,4,3,2,20,19,18,17,16,15,14,13,12,11,10,9,8,7,6,5,4,3,2,1,19,18,17,16,15,14,13,12,11,10,9,8,7,6,5,4,3,2,1,0,20,19,18,17,16,15,14,13,12,11,10,9,8,7,6,5,4,3,2,1,21,20,19,18,17,16,15,14,13,12,11,10,9,8,7,6,5,4,3,2,22,21,20,19,18,17,16,15,14,13,12,11,10,9,8,7,6,5,4,3,23,22,21,20,19,18,17,16,15,14,13,12,11,10,9,8,7,6,5,4,24,23,22,21,20,19,18,17,16,15,14,13,12,11,10,9,8,7,6,5,25,24,23,22,21,20,19,18,17,16,15,14,13,12,11,10,9,8,7,6,26,25,24,23,22,21,20,19,18,17,16,15,14,13,12,11,10,9,8,7,27,26,25,24,23,22,21,20,19,18,17,16,15,14,13,12,11,10,9,8,28,27,26,25,24,23,22,21,20,19,18,17,16,15,14,13,12,11,10,9,29,28,27,26,25,24,23,22,21,20,19,18,17,16,15,14,13,12,11,10,30,29,28,27,26,25,24,23,22,21,20,19,18,17,16,15,14,13,12,11,
249
21,20,19,18,17,16,15,14,13,12,13,14,15,16,17,18,19,20,21,22,20,19,18,17,16,15,14,13,12,11,12,13,14,15,16,17,18,19,20,21,19,18,17,16,15,14,13,12,11,10,11,12,13,14,15,16,17,18,19,20,18,17,16,15,14,13,12,11,10,9,10,11,12,13,14,15,16,17,18,19,17,16,15,14,13,12,11,10,9,8,9,10,11,12,13,14,15,16,17,18,16,15,14,13,12,11,10,9,8,7,8,9,10,11,12,13,14,15,16,17,15,14,13,12,11,10,9,8,7,6,7,8,9,10,11,12,13,14,15,16,14,13,12,11,10,9,8,7,6,5,6,7,8,9,10,11,12,13,14,15,13,12,11,10,9,8,7,6,5,4,5,6,7,8,9,10,11,12,13,14,12,11,10,9,8,7,6,5,4,3,4,5,6,7,8,9,10,11,12,13,11,10,9,8,7,6,5,4,3,2,3,4,5,6,7,8,9,10,11,12,10,9,8,7,6,5,4,3,2,1,2,3,4,5,6,7,8,9,10,11,9,8,7,6,5,4,3,2,1,0,1,2,3,4,5,6,7,8,9,10,10,9,8,7,6,5,4,3,2,1,2,3,4,5,6,7,8,9,10,11,11,10,9,8,7,6,5,4,3,2,3,4,5,6,7,8,9,10,11,12,12,11,10,9,8,7,6,5,4,3,4,5,6,7,8,9,10,11,12,13,13,12,11,10,9,8,7,6,5,4,5,6,7,8,9,10,11,12,13,14,14,13,12,11,10,9,8,7,6,5,6,7,8,9,10,11,12,13,14,15,15,14,13,12,11,10,9,8,7,6,7,8,9,10,11,12,13,14,15,16,16,15,14,13,12,11,10,9,8,7,8,9,10,11,12,13,14,15,16,17,
8
8,7,6,5,4,3,2,1,0,1,2,3,4,5,6,7,8,9,10,11,9,8,7,6,5,4,3,2,1,2,3,4,5,6,7,8,9,10,11,12,10,9,8,7,6,5,4,3,2,3,4,5,6,7,8,9,10,11,12,13,11,10,9,8,7,6,5,4,3,4,5,6,7,8,9,10,11,12,13,14,12,11,10,9,8,7,6,5,4,5,6,7,8,9,10,11,12,13,14,15,13,12,11,10,9,8,7,6,5,6,7,8,9,10,11,12,13,14,15,16,14,13,12,11,10,9,8,7,6,7,8,9,10,11,12,13,14,15,16,17,15,14,13,12,11,10,9,8,7,8,9,10,11,12,13,14,15,16,17,18,16,15,14,13,12,11,10,9,8,9,10,11,12,13,14,15,16,17,18,19,17,16,15,14,13,12,11,10,9,10,11,12,13,14,15,16,17,18,19,20,18,17,16,15,14,13,12,11,10,11,12,13,14,15,16,17,18,19,20,21,19,18,17,16,15,14,13,12,11,12,13,14,15,16,17,18,19,20,21,22,20,19,18,17,16,15,14,13,12,13,14,15,16,17,18,19,20,21,22,23,21,20,19,18,17,16,15,14,13,14,15,16,17,18,19,20,21,22,23,24,22,21,20,19,18,17,16,15,14,15,16,17,18,19,20,21,22,23,24,25,23,22,21,20,19,18,17,16,15,16,17,18,19,20,21,22,23,24,25,26,24,23,22,21,20,19,18,17,16,17,18,19,20,21,22,23,24,25,26,27,25,24,23,22,21,20,19,18,17,18,19,20,21,22,23,24,25,26,27,28,26,25,24,23,22,21,20,19,18,19,20,21,22,23,24,25,26,27,28,29,27,26,25,24,23,22,21,20,19,20,21,22,23,24,25,26,27,28,29,30,
220
11,12,13,14,15,16,17,18,19,20,21,22,23,24,25,26,27,28,29,30,10,11,12,13,14,15,16,17,18,19,20,21,22,23,24,25,26,27,28,29,9,10,11,12,13,14,15,16,17,18,19,20,21,22,23,24,25,26,27,28,8,9,10,11,12,13,14,15,16,17,18,19,20,21,22,23,24,25,26,27,7,8,9,10,11,12,13,14,15,16,17,18,19,20,21,22,23,24,25,26,6,7,8,9,10,11,12,13,14,15,16,17,18,19,20,21,22,23,24,25,5,6,7,8,9,10,11,12,13,14,15,16,17,18,19,20,21,22,23,24,4,5,6,7,8,9,10,11,12,13,14,15,16,17,18,19,20,21,22,23,3,4,5,6,7,8,9,10,11,12,13,14,15,16,17,18,19,20,21,22,2,3,4,5,6,7,8,9,10,11,12,13,14,15,16,17,18,19,20,21,1,2,3,4,5,6,7,8,9,10,11,12,13,14,15,16,17,18,19,20,0,1,2,3,4,5,6,7,8,9,10,11,12,13,14,15,16,17,18,19,1,2,3,4,5,6,7,8,9,10,11,12,13,14,15,16,17,18,19,20,2,3,4,5,6,7,8,9,10,11,12,13,14,15,16,17,18,19,20,21,3,4,5,6,7,8,9,10,11,12,13,14,15,16,17,18,19,20,21,22,4,5,6,7,8,9,10,11,12,13,14,15,16,17,18,19,20,21,22,23,5,6,7,8,9,10,11,12,13,14,15,16,17,18,19,20,21,22,23,24,6,7,8,9,10,11,12,13,14,15,16,17,18,19,20,21,22,23,24,25,7,8,9,10,11,12,13,14,15,16,17,18,19,20,21,22,23,24,25,26,8,9,10,11,12,13,14,15,16,17,18,19,20,21,22,23,24,25,26,27,
147
14,13,12,11,10,9,8,7,8,9,10,11,12,13,14,15,16,17,18,19,13,12,11,10,9,8,7,6,7,8,9,10,11,12,13,14,15,16,17,18,12,11,10,9,8,7,6,5,6,7,8,9,10,11,12,13,14,15,16,17,11,10,9,8,7,6,5,4,5,6,7,8,9,10,11,12,13,14,15,16,10,9,8,7,6,5,4,3,4,5,6,7,8,9,10,11,12,13,14,15,9,8,7,6,5,4,3,2,3,4,5,6,7,8,9,10,11,12,13,14,8,7,6,5,4,3,2,1,2,3,4,5,6,7,8,9,10,11,12,13,7,6,5,4,3,2,1,0,1,2,3,4,5,6,7,8,9,10,11,12,8,7,6,5,4,3,2,1,2,3,4,5,6,7,8,9,10,11,12,13,9,8,7,6,5,4,3,2,3,4,5,6,7,8,9,10,11,12,13,14,10,9,8,7,6,5,4,3,4,5,6,7,8,9,10,11,12,13,14,15,11,10,9,8,7,6,5,4,5,6,7,8,9,10,11,12,13,14,15,16,12,11,10,9,8,7,6,5,6,7,8,9,10,11,12,13,14,15,16,17,13,12,11,10,9,8,7,6,7,8,9,10,11,12,13,14,15,16,17,18,14,13,12,11,10,9,8,7,8,9,10,11,12,13,14,15,16,17,18,19,15,14,13,12,11,10,9,8,9,10,11,12,13,14,15,16,17,18,19,20,16,15,14,13,12,11,10,9,10,11,12,13,14,15,16,17,18,19,20,21,17,16,15,14,13,12,11,10,11,12,13,14,15,16,17,18,19,20,21,22,18,17,16,15,14,13,12,11,12,13,14,15,16,17,18,19,20,21,22,23,19,18,17,16,15,14,13,12,13,14,15,16,17,18,19,20,21,22,23,24,
140
7,8,9,10,11,12,13,14,15,16,17,18,19,20,21,22,23,24,25,26,6,7,8,9,10,11,12,13,14,15,16,17,18,19,20,21,22,23,24,25,5,6,7,8,9,10,11,12,13,14,15,16,17,18,19,20,21,22,23,24,4,5,6,7,8,9,10,11,12,13,14,15,16,17,18,19,20,21,22,23,3,4,5,6,7,8,9,10,11,12,13,14,15,16,17,18,19,20,21,22,2,3,4,5,6,7,8,9,10,11,12,13,14,15,16,17,18,19,20,21,1,2,3,4,5,6,7,8,9,10,11,12,13,14,15,16,17,18,19,20,0,1,2,3,4,5,6,7,8,9,10,11,12,13,14,15,16,17,18,19,1,2,3,4,5,6,7,8,9,10,11,12,13,14,15,16,17,18,19,20,2,3,4,5,6,7,8,9,10,11,12,13,14,15,16,17,18,19,20,21,3,4,5,6,7,8,9,10,11,12,13,14,15,16,17,18,19,20,21,22,4,5,6,7,8,9,10,11,12,13,14,15,16,17,18,19,20,21,22,23,5,6,7,8,9,10,11,12,13,14,15,16,17,18,19,20,21,22,23,24,6,7,8,9,10,11,12,13,14,15,16,17,18,19,20,21,22,23,24,25,7,8,9,10,11,12,13,14,15,16,17,18,19,20,21,22,23,24,25,26,8,9,10,11,12,13,14,15,16,17,18,19,20,21,22,23,24,25,26,27,9,10,11,12,13,14,15,16,17,18,19,20,21,22,23,24,25,26,27,28,10,11,12,13,14,15,16,17,18,19,20,21,22,23,24,25,26,27,28,29,11,12,13,14,15,16,17,18,19,20,21,22,23,24,25,26,27,28,29,30,12,13,14,15,16,17,18,19,20,21,22,23,24,25,26,27,28,29,30,31,
187
16,15,14,13,12,11,10,9,10,11,12,13,14,15,16,17,18,19,20,21,15,14,13,12,11,10,9,8,9,10,11,12,13,14,15,16,17,18,19,20,14,13,12,11,10,9,8,7,8,9,10,11,12,13,14,15,16,17,18,19,13,12,11,10,9,8,7,6,7,8,9,10,11,12,13,14,15,16,17,18,12,11,10,9,8,7,6,5,6,7,8,9,10,11,12,13,14,15,16,17,11,10,9,8,7,6,5,4,5,6,7,8,9,10,11,12,13,14,15,16,10,9,8,7,6,5,4,3,4,5,6,7,8,9,10,11,12,13,14,15,9,8,7,6,5,4,3,2,3,4,5,6,7,8,9,10,11,12,13,14,8,7,6,5,4,3,2,1,2,3,4,5,6,7,8,9,10,11,12,13,7,6,5,4,3,2,1,0,1,2,3,4,5,6,7,8,9,10,11,12,8,7,6,5,4,3,2,1,2,3,4,5,6,7,8,9,10,11,12,13,9,8,7,6,5,4,3,2,3,4,5,6,7,8,9,10,11,12,13,14,10,9,8,7,6,5,4,3,4,5,6,7,8,9,10,11,12,13,14,15,11,10,9,8,7,6,5,4,5,6,7,8,9,10,11,12,13,14,15,16,12,11,10,9,8,7,6,5,6,7,8,9,10,11,12,13,14,15,16,17,13,12,11,10,9,8,7,6,7,8,9,10,11,12,13,14,15,16,17,18,14,13,12,11,10,9,8,7,8,9,10,11,12,13,14,15,16,17,18,19,15,14,13,12,11,10,9,8,9,10,11,12,13,14,15,16,17,18,19,20,16,15,14,13,12,11,10,9,10,11,12,13,14,15,16,17,18,19,20,21,17,16,15,14,13,12,11,10,11,12,13,14,15,16,17,18,19,20,21,22,
240
12,13,14,15,16,17,18,19,20,21,22,23,24,25,26,27,28,29,30,31,11,12,13,14,15,16,17,18,19,20,21,22,23,24,25,26,27,28,29,30,10,11,12,13,14,15,16,17,18,19,20,21,22,23,24,25,26,27,28,29,9,10,11,12,13,14,15,16,17,18,19,20,21,22,23,24,25,26,27,28,8,9,10,11,12,13,14,15,16,17,18,19,20,21,22,23,24,25,26,27,7,8,9,10,11,12,13,14,15,16,17,18,19,20,21,22,23,24,25,26,6,7,8,9,10,11,12,13,14,15,16,17,18,19,20,21,22,23,24,25,5,6,7,8,9,10,11,12,13,14,15,16,17,18,19,20,21,22,23,24,4,5,6,7,8,9,10,11,12,13,14,15,16,17,18,19,20,21,22,23,3,4,5,6,7,8,9,10,11,12,13,14,15,16,17,18,19,20,21,22,2,3,4,5,6,7,8,9,10,11,12,13,14,15,16,17,18,19,20,21,1,2,3,4,5,6,7,8,9,10,11,12,13,14,15,16,17,18,19,20,0,1,2,3,4,5,6,7,8,9,10,11,12,13,14,15,16,17,18,19,1,2,3,4,5,6,7,8,9,10,11,12,13,14,15,16,17,18,19,20,2,3,4,5,6,7,8,9,10,11,12,13,14,15,16,17,18,19,20,21,3,4,5,6,7,8,9,10,11,12,13,14,15,16,17,18,19,20,21,22,4,5,6,7,8,9,10,11,12,13,14,15,16,17,18,19,20,21,22,23,5,6,7,8,9,10,11,12,13,14,15,16,17,18,19,20,21,22,23,24,6,7,8,9,10,11,12,13,14,15,16,17,18,19,20,21,22,23,24,25,7,8,9,10,11,12,13,14,15,16,17,18,19,20,21,22,23,24,25,26,
13
13,12,11,10,9,8,7,6,5,4,3,2,1,0,1,2,3,4,5,6,14,13,12,11,10,9,8,7,6,5,4,3,2,1,2,3,4,5,6,7,15,14,13,12,11,10,9,8,7,6,5,4,3,2,3,4,5,6,7,8,16,15,14,13,12,11,10,9,8,7,6,5,4,3,4,5,6,7,8,9,17,16,15,14,13,12,11,10,9,8,7,6,5,4,5,6,7,8,9,10,18,17,16,15,14,13,12,11,10,9,8,7,6,5,6,7,8,9,10,11,19,18,17,16,15,14,13,12,11,10,9,8,7,6,7,8,9,10,11,12,20,19,18,17,16,15,14,13,12,11,10,9,8,7,8,9,10,11,12,13,21,20,19,18,17,16,15,14,13,12,11,10,9,8,9,10,11,12,13,14,22,21,20,19,18,17,16,15,14,13,12,11,10,9,10,11,12,13,14,15,23,22,21,20,19,18,17,16,15,14,13,12,11,10,11,12,13,14,15,16,24,23,22,21,20,19,18,17,16,15,14,13,12,11,12,13,14,15,16,17,25,24,23,22,21,20,19,18,17,16,15,14,13,12,13,14,15,16,17,18,26,25,24,23,22,21,20,19,18,17,16,15,14,13,14,15,16,17,18,19,27,26,25,24,23,22,21,20,19,18,17,16,15,14,15,16,17,18,19,20,28,27,26,25,24,23,22,21,20,19,18,17,16,15,16,17,18,19,20,21,29,28,27,26,25,24,23,22,21,20,19,18,17,16,17,18,19,20,21,22,30,29,28,27,26,25,24,23,22,21,20,19,18,17,18,19,20,21,22,23,31,30,29,28,27,26,25,24,23,22,21,20,19,18,19,20,21,22,23,24,32,31,30,29,28,27,26,25,24,23,22,21,20,19,20,21,22,23,24,25,
386
25,24,23,22,21,20,19,20,21,22,23,24,25,26,27,28,29,30,31,32,24,23,22,21,20,19,18,19,20,21,22,23,24,25,26,27,28,29,30,31,23,22,21,20,19,18,17,18,19,20,21,22,23,24,25,26,27,28,29,30,22,21,20,19,18,17,16,17,18,19,20,21,22,23,24,25,26,27,28,29,21,20,19,18,17,16,15,16,17,18,19,20,21,22,23,24,25,26,27,28,20,19,18,17,16,15,14,15,16,17,18,19,20,21,22,23,24,25,26,27,19,18,17,16,15,14,13,14,15,16,17,18,19,20,21,22,23,24,25,26,18,17,16,15,14,13,12,13,14,15,16,17,18,19,20,21,22,23,24,25,17,16,15,14,13,12,11,12,13,14,15,16,17,18,19,20,21,22,23,24,16,15,14,13,12,11,10,11,12,13,14,15,16,17,18,19,20,21,22,23,15,14,13,12,11,10,9,10,11,12,13,14,15,16,17,18,19,20,21,22,14,13,12,11,10,9,8,9,10,11,12,13,14,15,16,17,18,19,20,21,13,12,11,10,9,8,7,8,9,10,11,12,13,14,15,16,17,18,19,20,12,11,10,9,8,7,6,7,8,9,10,11,12,13,14,15,16,17,18,19,11,10,9,8,7,6,5,6,7,8,9,10,11,12,13,14,15,16,17,18,10,9,8,7,6,5,4,5,6,7,8,9,10,11,12,13,14,15,16,17,9,8,7,6,5,4,3,4,5,6,7,8,9,10,11,12,13,14,15,16,8,7,6,5,4,3,2,3,4,5,6,7,8,9,10,11,12,13,14,15,7,6,5,4,3,2,1,2,3,4,5,6,7,8,9,10,11,12,13,14,6,5,4,3,2,1,0,1,2,3,4,5,6,7,8,9,10,11,12,13,
159
26,25,24,23,22,21,20,19,18,17,16,15,14,13,12,11,10,9,8,7,25,24,23,22,21,20,19,18,17,16,15,14,13,12,11,10,9,8,7,6,24,23,22,21,20,19,18,17,16,15,14,13,12,11,10,9,8,7,6,5,23,22,21,20,19,18,17,16,15,14,13,12,11,10,9,8,7,6,5,4,22,21,20,19,18,17,16,15,14,13,12,11,10,9,8,7,6,5,4,3,21,20,19,18,17,16,15,14,13,12,11,10,9,8,7,6,5,4,3,2,20,19,18,17,16,15,14,13,12,11,10,9,8,7,6,5,4,3,2,1,19,18,17,16,15,14,13,12,11,10,9,8,7,6,5,4,3,2,1,0,20,19,18,17,16,15,14,13,12,11,10,9,8,7,6,5,4,3,2,1,21,20,19,18,17,16,15,14,13,12,11,10,9,8,7,6,5,4,3,2,22,21,20,19,18,17,16,15,14,13,12,11,10,9,8,7,6,5,4,3,23,22,21,20,19,18,17,16,15,14,13,12,11,10,9,8,7,6,5,4,24,23,22,21,20,19,18,17,16,15,14,13,12,11,10,9,8,7,6,5,25,24,23,22,21,20,19,18,17,16,15,14,13,12,11,10,9,8,7,6,26,25,24,23,22,21,20,19,18,17,16,15,14,13,12,11,10,9,8,7,27,26,25,24,23,22,21,20,19,18,17,16,15,14,13,12,11,10,9,8,28,27,26,25,24,23,22,21,20,19,18,17,16,15,14,13,12,11,10,9,29,28,27,26,25,24,23,22,21,20,19,18,17,16,15,14,13,12,11,10,30,29,28,27,26,25,24,23,22,21,20,19,18,17,16,15,14,13,12,11,31,30,29,28,27,26,25,24,23,22,21,20,19,18,17,16,15,14,13,12,
212
22,21,20,19,18,17,16,15,14,13,12,11,10,11,12,13,14,15,16,17,21,20,19,18,17,16,15,14,13,12,11,10,9,10,11,12,13,14,15,16,20,19,18,17,16,15,14,13,12,11,10,9,8,9,10,11,12,13,14,15,19,18,17,16,15,14,13,12,11,10,9,8,7,8,9,10,11,12,13,14,18,17,16,15,14,13,12,11,10,9,8,7,6,7,8,9,10,11,12,13,17,16,15,14,13,12,11,10,9,8,7,6,5,6,7,8,9,10,11,12,16,15,14,13,12,11,10,9,8,7,6,5,4,5,6,7,8,9,10,11,15,14,13,12,11,10,9,8,7,6,5,4,3,4,5,6,7,8,9,10,14,13,12,11,10,9,8,7,6,5,4,3,2,3,4,5,6,7,8,9,13,12,11,10,9,8,7,6,5,4,3,2,1,2,3,4,5,6,7,8,12,11,10,9,8,7,6,5,4,3,2,1,0,1,2,3,4,5,6,7,13,12,11,10,9,8,7,6,5,4,3,2,1,2,3,4,5,6,7,8,14,13,12,11,10,9,8,7,6,5,4,3,2,3,4,5,6,7,8,9,15,14,13,12,11,10,9,8,7,6,5,4,3,4,5,6,7,8,9,10,16,15,14,13,12,11,10,9,8,7,6,5,4,5,6,7,8,9,10,11,17,16,15,14,13,12,11,10,9,8,7,6,5,6,7,8,9,10,11,12,18,17,16,15,14,13,12,11,10,9,8,7,6,7,8,9,10,11,12,13,19,18,17,16,15,14,13,12,11,10,9,8,7,8,9,10,11,12,13,14,20,19,18,17,16,15,14,13,12,11,10,9,8,9,10,11,12,13,14,15,21,20,19,18,17,16,15,14,13,12,11,10,9,10,11,12,13,14,15,16,
149
16,15,14,13,12,11,10,9,8,7,8,9,10,11,12,13,14,15,16,17,15,14,13,12,11,10,9,8,7,6,7,8,9,10,11,12,13,14,15,16,14,13,12,11,10,9,8,7,6,5,6,7,8,9,10,11,12,13,14,15,13,12,11,10,9,8,7,6,5,4,5,6,7,8,9,10,11,12,13,14,12,11,10,9,8,7,6,5,4,3,4,5,6,7,8,9,10,11,12,13,11,10,9,8,7,6,5,4,3,2,3,4,5,6,7,8,9,10,11,12,10,9,8,7,6,5,4,3,2,1,2,3,4,5,6,7,8,9,10,11,9,8,7,6,5,4,3,2,1,0,1,2,3,4,5,6,7,8,9,10,10,9,8,7,6,5,4,3,2,1,2,3,4,5,6,7,8,9,10,11,11,10,9,8,7,6,5,4,3,2,3,4,5,6,7,8,9,10,11,12,12,11,10,9,8,7,6,5,4,3,4,5,6,7,8,9,10,11,12,13,13,12,11,10,9,8,7,6,5,4,5,6,7,8,9,10,11,12,13,14,14,13,12,11,10,9,8,7,6,5,6,7,8,9,10,11,12,13,14,15,15,14,13,12,11,10,9,8,7,6,7,8,9,10,11,12,13,14,15,16,16,15,14,13,12,11,10,9,8,7,8,9,10,11,12,13,14,15,16,17,17,16,15,14,13,12,11,10,9,8,9,10,11,12,13,14,15,16,17,18,18,17,16,15,14,13,12,11,10,9,10,11,12,13,14,15,16,17,18,19,19,18,17,16,15,14,13,12,11,10,11,12,13,14,15,16,17,18,19,20,20,19,18,17,16,15,14,13,12,11,12,13,14,15,16,17,18,19,20,21,21,20,19,18,17,16,15,14,13,12,13,14,15,16,17,18,19,20,21,22,
279
32,31,30,29,28,27,26,25,24,23,22,21,20,19,18,17,16,15,14,13,31,30,29,28,27,26,25,24,23,22,21,20,19,18,17,16,15,14,13,12,30,29,28,27,26,25,24,23,22,21,20,19,18,17,16,15,14,13,12,11,29,28,27,26,25,24,23,22,21,20,19,18,17,16,15,14,13,12,11,10,28,27,26,25,24,23,22,21,20,19,18,17,16,15,14,13,12,11,10,9,27,26,25,24,23,22,21,20,19,18,17,16,15,14,13,12,11,10,9,8,26,25,24,23,22,21,20,19,18,17,16,15,14,13,12,11,10,9,8,7,25,24,23,22,21,20,19,18,17,16,15,14,13,12,11,10,9,8,7,6,24,23,22,21,20,19,18,17,16,15,14,13,12,11,10,9,8,7,6,5,23,22,21,20,19,18,17,16,15,14,13,12,11,10,9,8,7,6,5,4,22,21,20,19,18,17,16,15,14,13,12,11,10,9,8,7,6,5,4,3,21,20,19,18,17,16,15,14,13,12,11,10,9,8,7,6,5,4,3,2,20,19,18,17,16,15,14,13,12,11,10,9,8,7,6,5,4,3,2,1,19,18,17,16,15,14,13,12,11,10,9,8,7,6,5,4,3,2,1,0,20,19,18,17,16,15,14,13,12,11,10,9,8,7,6,5,4,3,2,1,21,20,19,18,17,16,15,14,13,12,11,10,9,8,7,6,5,4,3,2,22,21,20,19,18,17,16,15,14,13,12,11,10,9,8,7,6,5,4,3,23,22,21,20,19,18,17,16,15,14,13,12,11,10,9,8,7,6,5,4,24,23,22,21,20,19,18,17,16,15,14,13,12,11,10,9,8,7,6,5,25,24,23,22,21,20,19,18,17,16,15,14,13,12,11,10,9,8,7,6,
120
6,7,8,9,10,11,12,13,14,15,16,17,18,19,20,21,22,23,24,25,5,6,7,8,9,10,11,12,13,14,15,16,17,18,19,20,21,22,23,24,4,5,6,7,8,9,10,11,12,13,14,15,16,17,18,19,20,21,22,23,3,4,5,6,7,8,9,10,11,12,13,14,15,16,17,18,19,20,21,22,2,3,4,5,6,7,8,9,10,11,12,13,14,15,16,17,18,19,20,21,1,2,3,4,5,6,7,8,9,10,11,12,13,14,15,16,17,18,19,20,0,1,2,3,4,5,6,7,8,9,10,11,12,13,14,15,16,17,18,19,1,2,3,4,5,6,7,8,9,10,11,12,13,14,15,16,17,18,19,20,2,3,4,5,6,7,8,9,10,11,12,13,14,15,16,17,18,19,20,21,3,4,5,6,7,8,9,10,11,12,13,14,15,16,17,18,19,20,21,22,4,5,6,7,8,9,10,11,12,13,14,15,16,17,18,19,20,21,22,23,5,6,7,8,9,10,11,12,13,14,15,16,17,18,19,20,21,22,23,24,6,7,8,9,10,11,12,13,14,15,16,17,18,19,20,21,22,23,24,25,7,8,9,10,11,12,13,14,15,16,17,18,19,20,21,22,23,24,25,26,8,9,10,11,12,13,14,15,16,17,18,19,20,21,22,23,24,25,26,27,9,10,11,12,13,14,15,16,17,18,19,20,21,22,23,24,25,26,27,28,10,11,12,13,14,15,16,17,18,19,20,21,22,23,24,25,26,27,28,29,11,12,13,14,15,16,17,18,19,20,21,22,23,24,25,26,27,28,29,30,12,13,14,15,16,17,18,19,20,21,22,23,24,25,26,27,28,29,30,31,13,14,15,16,17,18,19,20,21,22,23,24,25,26,27,28,29,30,31,32,
260
13,14,15,16,17,18,19,20,21,22,23,24,25,26,27,28,29,30,31,32,12,13,14,15,16,17,18,19,20,21,22,23,24,25,26,27,28,29,30,31,11,12,13,14,15,16,17,18,19,20,21,22,23,24,25,26,27,28,29,30,10,11,12,13,14,15,16,17,18,19,20,21,22,23,24,25,26,27,28,29,9,10,11,12,13,14,15,16,17,18,19,20,21,22,23,24,25,26,27,28,8,9,10,11,12,13,14,15,16,17,18,19,20,21,22,23,24,25,26,27,7,8,9,10,11,12,13,14,15,16,17,18,19,20,21,22,23,24,25,26,6,7,8,9,10,11,12,13,14,15,16,17,18,19,20,21,22,23,24,25,5,6,7,8,9,10,11,12,13,14,15,16,17,18,19,20,21,22,23,24,4,5,6,7,8,9,10,11,12,13,14,15,16,17,18,19,20,21,22,23,3,4,5,6,7,8,9,10,11,12,13,14,15,16,17,18,19,20,21,22,2,3,4,5,6,7,8,9,10,11,12,13,14,15,16,17,18,19,20,21,1,2,3,4,5,6,7,8,9,10,11,12,13,14,15,16,17,18,19,20,0,1,2,3,4,5,6,7,8,9,10,11,12,13,14,15,16,17,18,19,1,2,3,4,5,6,7,8,9,10,11,12,13,14,15,16,17,18,19,20,2,3,4,5,6,7,8,9,10,11,12,13,14,15,16,17,18,19,20,21,3,4,5,6,7,8,9,10,11,12,13,14,15,16,17,18,19,20,21,22,4,5,6,7,8,9,10,11,12,13,14,15,16,17,18,19,20,21,22,23,5,6,7,8,9,10,11,12,13,14,15,16,17,18,19,20,21,22,23,24,6,7,8,9,10,11,12,13,14,15,16,17,18,19,20,21,22,23,24,25,
207
17,16,15,14,13,12,11,10,11,12,13,14,15,16,17,18,19,20,21,22,16,15,14,13,12,11,10,9,10,11,12,13,14,15,16,17,18,19,20,21,15,14,13,12,11,10,9,8,9,10,11,12,13,14,15,16,17,18,19,20,14,13,12,11,10,9,8,7,8,9,10,11,12,13,14,15,16,17,18,19,13,12,11,10,9,8,7,6,7,8,9,10,11,12,13,14,15,16,17,18,12,11,10,9,8,7,6,5,6,7,8,9,10,11,12,13,14,15,16,17,11,10,9,8,7,6,5,4,5,6,7,8,9,10,11,12,13,14,15,16,10,9,8,7,6,5,4,3,4,5,6,7,8,9,10,11,12,13,14,15,9,8,7,6,5,4,3,2,3,4,5,6,7,8,9,10,11,12,13,14,8,7,6,5,4,3,2,1,2,3,4,5,6,7,8,9,10,11,12,13,7,6,5,4,3,2,1,0,1,2,3,4,5,6,7,8,9,10,11,12,8,7,6,5,4,3,2,1,2,3,4,5,6,7,8,9,10,11,12,13,9,8,7,6,5,4,3,2,3,4,5,6,7,8,9,10,11,12,13,14,10,9,8,7,6,5,4,3,4,5,6,7,8,9,10,11,12,13,14,15,11,10,9,8,7,6,5,4,5,6,7,8,9,10,11,12,13,14,15,16,12,11,10,9,8,7,6,5,6,7,8,9,10,11,12,13,14,15,16,17,13,12,11,10,9,8,7,6,7,8,9,10,11,12,13,14,15,16,17,18,14,13,12,11,10,9,8,7,8,9,10,11,12,13,14,15,16,17,18,19,15,14,13,12,11,10,9,8,9,10,11,12,13,14,15,16,17,18,19,20,16,15,14,13,12,11,10,9,10,11,12,13,14,15,16,17,18,19,20,21,
192
21,20,19,18,17,16,15,14,13,12,11,10,9,10,11,12,13,14,15,16,20,19,18,17,16,15,14,13,12,11,10,9,8,9,10,11,12,13,14,15,19,18,17,16,15,14,13,12,11,10,9,8,7,8,9,10,11,12,13,14,18,17,16,15,14,13,12,11,10,9,8,7,6,7,8,9,10,11,12,13,17,16,15,14,13,12,11,10,9,8,7,6,5,6,7,8,9,10,11,12,16,15,14,13,12,11,10,9,8,7,6,5,4,5,6,7,8,9,10,11,15,14,13,12,11,10,9,8,7,6,5,4,3,4,5,6,7,8,9,10,14,13,12,11,10,9,8,7,6,5,4,3,2,3,4,5,6,7,8,9,13,12,11,10,9,8,7,6,5,4,3,2,1,2,3,4,5,6,7,8,12,11,10,9,8,7,6,5,4,3,2,1,0,1,2,3,4,5,6,7,13,12,11,10,9,8,7,6,5,4,3,2,1,2,3,4,5,6,7,8,14,13,12,11,10,9,8,7,6,5,4,3,2,3,4,5,6,7,8,9,15,14,13,12,11,10,9,8,7,6,5,4,3,4,5,6,7,8,9,10,16,15,14,13,12,11,10,9,8,7,6,5,4,5,6,7,8,9,10,11,17,16,15,14,13,12,11,10,9,8,7,6,5,6,7,8,9,10,11,12,18,17,16,15,14,13,12,11,10,9,8,7,6,7,8,9,10,11,12,13,19,18,17,16,15,14,13,12,11,10,9,8,7,8,9,10,11,12,13,14,20,19,18,17,16,15,14,13,12,11,10,9,8,9,10,11,12,13,14,15,21,20,19,18,17,16,15,14,13,12,11,10,9,10,11,12,13,14,15,16,22,21,20,19,18,17,16,15,14,13,12,11,10,11,12,13,14,15,16,17,
139
25,24,23,22,21,20,19,18,17,16,15,14,13,12,11,10,9,8,7,6,24,23,22,21,20,19,18,17,16,15,14,13,12,11,10,9,8,7,6,5,23,22,21,20,19,18,17,16,15,14,13,12,11,10,9,8,7,6,5,4,22,21,20,19,18,17,16,15,14,13,12,11,10,9,8,7,6,5,4,3,21,20,19,18,17,16,15,14,13,12,11,10,9,8,7,6,5,4,3,2,20,19,18,17,16,15,14,13,12,11,10,9,8,7,6,5,4,3,2,1,19,18,17,16,15,14,13,12,11,10,9,8,7,6,5,4,3,2,1,0,20,19,18,17,16,15,14,13,12,11,10,9,8,7,6,5,4,3,2,1,21,20,19,18,17,16,15,14,13,12,11,10,9,8,7,6,5,4,3,2,22,21,20,19,18,17,16,15,14,13,12,11,10,9,8,7,6,5,4,3,23,22,21,20,19,18,17,16,15,14,13,12,11,10,9,8,7,6,5,4,24,23,22,21,20,19,18,17,16,15,14,13,12,11,10,9,8,7,6,5,25,24,23,22,21,20,19,18,17,16,15,14,13,12,11,10,9,8,7,6,26,25,24,23,22,21,20,19,18,17,16,15,14,13,12,11,10,9,8,7,27,26,25,24,23,22,21,20,19,18,17,16,15,14,13,12,11,10,9,8,28,27,26,25,24,23,22,21,20,19,18,17,16,15,14,13,12,11,10,9,29,28,27,26,25,24,23,22,21,20,19,18,17,16,15,14,13,12,11,10,30,29,28,27,26,25,24,23,22,21,20,19,18,17,16,15,14,13,12,11,31,30,29,28,27,26,25,24,23,22,21,20,19,18,17,16,15,14,13,12,32,31,30,29,28,27,26,25,24,23,22,21,20,19,18,17,16,15,14,13,
259
31,30,29,28,27,26,25,24,23,22,21,20,19,18,17,16,15,14,13,12,30,29,28,27,26,25,24,23,22,21,20,19,18,17,16,15,14,13,12,11,29,28,27,26,25,24,23,22,21,20,19,18,17,16,15,14,13,12,11,10,28,27,26,25,24,23,22,21,20,19,18,17,16,15,14,13,12,11,10,9,27,26,25,24,23,22,21,20,19,18,17,16,15,14,13,12,11,10,9,8,26,25,24,23,22,21,20,19,18,17,16,15,14,13,12,11,10,9,8,7,25,24,23,22,21,20,19,18,17,16,15,14,13,12,11,10,9,8,7,6,24,23,22,21,20,19,18,17,16,15,14,13,12,11,10,9,8,7,6,5,23,22,21,20,19,18,17,16,15,14,13,12,11,10,9,8,7,6,5,4,22,21,20,19,18,17,16,15,14,13,12,11,10,9,8,7,6,5,4,3,21,20,19,18,17,16,15,14,13,12,11,10,9,8,7,6,5,4,3,2,20,19,18,17,16,15,14,13,12,11,10,9,8,7,6,5,4,3,2,1,19,18,17,16,15,14,13,12,11,10,9,8,7,6,5,4,3,2,1,0,20,19,18,17,16,15,14,13,12,11,10,9,8,7,6,5,4,3,2,1,21,20,19,18,17,16,15,14,13,12,11,10,9,8,7,6,5,4,3,2,22,21,20,19,18,17,16,15,14,13,12,11,10,9,8,7,6,5,4,3,23,22,21,20,19,18,17,16,15,14,13,12,11,10,9,8,7,6,5,4,24,23,22,21,20,19,18,17,16,15,14,13,12,11,10,9,8,7,6,5,25,24,23,22,21,20,19,18,17,16,15,14,13,12,11,10,9,8,7,6,26,25,24,23,22,21,20,19,18,17,16,15,14,13,12,11,10,9,8,7,
6
6,5,4,3,2,1,0,1,2,3,4,5,6,7,8,9,10,11,12,13,7,6,5,4,3,2,1,2,3,4,5,6,7,8,9,10,11,12,13,14,8,7,6,5,4,3,2,3,4,5,6,7,8,9,10,11,12,13,14,15,9,8,7,6,5,4,3,4,5,6,7,8,9,10,11,12,13,14,15,16,10,9,8,7,6,5,4,5,6,7,8,9,10,11,12,13,14,15,16,17,11,10,9,8,7,6,5,6,7,8,9,10,11,12,13,14,15,16,17,18,12,11,10,9,8,7,6,7,8,9,10,11,12,13,14,15,16,17,18,19,13,12,11,10,9,8,7,8,9,10,11,12,13,14,15,16,17,18,19,20,14,13,12,11,10,9,8,9,10,11,12,13,14,15,16,17,18,19,20,21,15,14,13,12,11,10,9,10,11,12,13,14,15,16,17,18,19,20,21,22,16,15,14,13,12,11,10,11,12,13,14,15,16,17,18,19,20,21,22,23,17,16,15,14,13,12,11,12,13,14,15,16,17,18,19,20,21,22,23,24,18,17,16,15,14,13,12,13,14,15,16,17,18,19,20,21,22,23,24,25,19,18,17,16,15,14,13,14,15,16,17,18,19,20,21,22,23,24,25,26,20,19,18,17,16,15,14,15,16,17,18,19,20,21,22,23,24,25,26,27,21,20,19,18,17,16,15,16,17,18,19,20,21,22,23,24,25,26,27,28,22,21,20,19,18,17,16,17,18,19,20,21,22,23,24,25,26,27,28,29,23,22,21,20,19,18,17,18,19,20,21,22,23,24,25,26,27,28,29,30,24,23,22,21,20,19,18,19,20,21,22,23,24,25,26,27,28,29,30,31,25,24,23,22,21,20,19,20,21,22,23,24,25,26,27,28,29,30,31,32,
388
27,26,25,24,23,22,21,20,19,20,21,22,23,24,25,26,27,28,29,30,26,25,24,23,22,21,20,19,18,19,20,21,22,23,24,25,26,27,28,29,25,24,23,22,21,20,19,18,17,18,19,20,21,22,23,24,25,26,27,28,24,23,22,21,20,19,18,17,16,17,18,19,20,21,22,23,24,25,26,27,23,22,21,20,19,18,17,16,15,16,17,18,19,20,21,22,23,24,25,26,22,21,20,19,18,17,16,15,14,15,16,17,18,19,20,21,22,23,24,25,21,20,19,18,17,16,15,14,13,14,15,16,17,18,19,20,21,22,23,24,20,19,18,17,16,15,14,13,12,13,14,15,16,17,18,19,20,21,22,23,19,18,17,16,15,14,13,12,11,12,13,14,15,16,17,18,19,20,21,22,18,17,16,15,14,13,12,11,10,11,12,13,14,15,16,17,18,19,20,21,17,16,15,14,13,12,11,10,9,10,11,12,13,14,15,16,17,18,19,20,16,15,14,13,12,11,10,9,8,9,10,11,12,13,14,15,16,17,18,19,15,14,13,12,11,10,9,8,7,8,9,10,11,12,13,14,15,16,17,18,14,13,12,11,10,9,8,7,6,7,8,9,10,11,12,13,14,15,16,17,13,12,11,10,9,8,7,6,5,6,7,8,9,10,11,12,13,14,15,16,12,11,10,9,8,7,6,5,4,5,6,7,8,9,10,11,12,13,14,15,11,10,9,8,7,6,5,4,3,4,5,6,7,8,9,10,11,12,13,14,10,9,8,7,6,5,4,3,2,3,4,5,6,7,8,9,10,11,12,13,9,8,7,6,5,4,3,2,1,2,3,4,5,6,7,8,9,10,11,12,8,7,6,5,4,3,2,1,0,1,2,3,4,5,6,7,8,9,10,11,
11
11,10,9,8,7,6,5,4,3,2,1,0,1,2,3,4,5,6,7,8,12,11,10,9,8,7,6,5,4,3,2,1,2,3,4,5,6,7,8,9,13,12,11,10,9,8,7,6,5,4,3,2,3,4,5,6,7,8,9,10,14,13,12,11,10,9,8,7,6,5,4,3,4,5,6,7,8,9,10,11,15,14,13,12,11,10,9,8,7,6,5,4,5,6,7,8,9,10,11,12,16,15,14,13,12,11,10,9,8,7,6,5,6,7,8,9,10,11,12,13,17,16,15,14,13,12,11,10,9,8,7,6,7,8,9,10,11,12,13,14,18,17,16,15,14,13,12,11,10,9,8,7,8,9,10,11,12,13,14,15,19,18,17,16,15,14,13,12,11,10,9,8,9,10,11,12,13,14,15,16,20,19,18,17,16,15,14,13,12,11,10,9,10,11,12,13,14,15,16,17,21,20,19,18,17,16,15,14,13,12,11,10,11,12,13,14,15,16,17,18,22,21,20,19,18,17,16,15,14,13,12,11,12,13,14,15,16,17,18,19,23,22,21,20,19,18,17,16,15,14,13,12,13,14,15,16,17,18,19,20,24,23,22,21,20,19,18,17,16,15,14,13,14,15,16,17,18,19,20,21,25,24,23,22,21,20,19,18,17,16,15,14,15,16,17,18,19,20,21,22,26,25,24,23,22,21,20,19,18,17,16,15,16,17,18,19,20,21,22,23,27,26,25,24,23,22,21,20,19,18,17,16,17,18,19,20,21,22,23,24,28,27,26,25,24,23,22,21,20,19,18,17,18,19,20,21,22,23,24,25,29,28,27,26,25,24,23,22,21,20,19,18,19,20,21,22,23,24,25,26,30,29,28,27,26,25,24,23,22,21,20,19,20,21,22,23,24,25,26,27,
387
26,25,24,23,22,21,20,19,20,21,22,23,24,25,26,27,28,29,30,31,25,24,23,22,21,20,19,18,19,20,21,22,23,24,25,26,27,28,29,30,24,23,22,21,20,19,18,17,18,19,20,21,22,23,24,25,26,27,28,29,23,22,21,20,19,18,17,16,17,18,19,20,21,22,23,24,25,26,27,28,22,21,20,19,18,17,16,15,16,17,18,19,20,21,22,23,24,25,26,27,21,20,19,18,17,16,15,14,15,16,17,18,19,20,21,22,23,24,25,26,20,19,18,17,16,15,14,13,14,15,16,17,18,19,20,21,22,23,24,25,19,18,17,16,15,14,13,12,13,14,15,16,17,18,19,20,21,22,23,24,18,17,16,15,14,13,12,11,12,13,14,15,16,17,18,19,20,21,22,23,17,16,15,14,13,12,11,10,11,12,13,14,15,16,17,18,19,20,21,22,16,15,14,13,12,11,10,9,10,11,12,13,14,15,16,17,18,19,20,21,15,14,13,12,11,10,9,8,9,10,11,12,13,14,15,16,17,18,19,20,14,13,12,11,10,9,8,7,8,9,10,11,12,13,14,15,16,17,18,19,13,12,11,10,9,8,7,6,7,8,9,10,11,12,13,14,15,16,17,18,12,11,10,9,8,7,6,5,6,7,8,9,10,11,12,13,14,15,16,17,11,10,9,8,7,6,5,4,5,6,7,8,9,10,11,12,13,14,15,16,10,9,8,7,6,5,4,3,4,5,6,7,8,9,10,11,12,13,14,15,9,8,7,6,5,4,3,2,3,4,5,6,7,8,9,10,11,12,13,14,8,7,6,5,4,3,2,1,2,3,4,5,6,7,8,9,10,11,12,13,7,6,5,4,3,2,1,0,1,2,3,4,5,6,7,8,9,10,11,12,
12
12,11,10,9,8,7,6,5,4,3,2,1,0,1,2,3,4,5,6,7,13,12,11,10,9,8,7,6,5,4,3,2,1,2,3,4,5,6,7,8,14,13,12,11,10,9,8,7,6,5,4,3,2,3,4,5,6,7,8,9,15,14,13,12,11,10,9,8,7,6,5,4,3,4,5,6,7,8,9,10,16,15,14,13,12,11,10,9,8,7,6,5,4,5,6,7,8,9,10,11,17,16,15,14,13,12,11,10,9,8,7,6,5,6,7,8,9,10,11,12,18,17,16,15,14,13,12,11,10,9,8,7,6,7,8,9,10,11,12,13,19,18,17,16,15,14,13,12,11,10,9,8,7,8,9,10,11,12,13,14,20,19,18,17,16,15,14,13,12,11,10,9,8,9,10,11,12,13,14,15,21,20,19,18,17,16,15,14,13,12,11,10,9,10,11,12,13,14,15,16,22,21,20,19,18,17,16,15,14,13,12,11,10,11,12,13,14,15,16,17,23,22,21,20,19,18,17,16,15,14,13,12,11,12,13,14,15,16,17,18,24,23,22,21,20,19,18,17,16,15,14,13,12,13,14,15,16,17,18,19,25,24,23,22,21,20,19,18,17,16,15,14,13,14,15,16,17,18,19,20,26,25,24,23,22,21,20,19,18,17,16,15,14,15,16,17,18,19,20,21,27,26,25,24,23,22,21,20,19,18,17,16,15,16,17,18,19,20,21,22,28,27,26,25,24,23,22,21,20,19,18,17,16,17,18,19,20,21,22,23,29,28,27,26,25,24,23,22,21,20,19,18,17,18,19,20,21,22,23,24,30,29,28,27,26,25,24,23,22,21,20,19,18,19,20,21,22,23,24,25,31,30,29,28,27,26,25,24,23,22,21,20,19,20,21,22,23,24,25,26,
392
31,30,29,28,27,26,25,24,23,22,21,20,19,20,21,22,23,24,25,26,30,29,28,27,26,25,24,23,22,21,20,19,18,19,20,21,22,23,24,25,29,28,27,26,25,24,23,22,21,20,19,18,17,18,19,20,21,22,23,24,28,27,26,25,24,23,22,21,20,19,18,17,16,17,18,19,20,21,22,23,27,26,25,24,23,22,21,20,19,18,17,16,15,16,17,18,19,20,21,22,26,25,24,23,22,21,20,19,18,17,16,15,14,15,16,17,18,19,20,21,25,24,23,22,21,20,19,18,17,16,15,14,13,14,15,16,17,18,19,20,24,23,22,21,20,19,18,17,16,15,14,13,12,13,14,15,16,17,18,19,23,22,21,20,19,18,17,16,15,14,13,12,11,12,13,14,15,16,17,18,22,21,20,19,18,17,16,15,14,13,12,11,10,11,12,13,14,15,16,17,21,20,19,18,17,16,15,14,13,12,11,10,9,10,11,12,13,14,15,16,20,19,18,17,16,15,14,13,12,11,10,9,8,9,10,11,12,13,14,15,19,18,17,16,15,14,13,12,11,10,9,8,7,8,9,10,11,12,13,14,18,17,16,15,14,13,12,11,10,9,8,7,6,7,8,9,10,11,12,13,17,16,15,14,13,12,11,10,9,8,7,6,5,6,7,8,9,10,11,12,16,15,14,13,12,11,10,9,8,7,6,5,4,5,6,7,8,9,10,11,15,14,13,12,11,10,9,8,7,6,5,4,3,4,5,6,7,8,9,10,14,13,12,11,10,9,8,7,6,5,4,3,2,3,4,5,6,7,8,9,13,12,11,10,9,8,7,6,5,4,3,2,1,2,3,4,5,6,7,8,12,11,10,9,8,7,6,5,4,3,2,1,0,1,2,3,4,5,6,7,
393
32,31,30,29,28,27,26,25,24,23,22,21,20,19,20,21,22,23,24,25,31,30,29,28,27,26,25,24,23,22,21,20,19,18,19,20,21,22,23,24,30,29,28,27,26,25,24,23,22,21,20,19,18,17,18,19,20,21,22,23,29,28,27,26,25,24,23,22,21,20,19,18,17,16,17,18,19,20,21,22,28,27,26,25,24,23,22,21,20,19,18,17,16,15,16,17,18,19,20,21,27,26,25,24,23,22,21,20,19,18,17,16,15,14,15,16,17,18,19,20,26,25,24,23,22,21,20,19,18,17,16,15,14,13,14,15,16,17,18,19,25,24,23,22,21,20,19,18,17,16,15,14,13,12,13,14,15,16,17,18,24,23,22,21,20,19,18,17,16,15,14,13,12,11,12,13,14,15,16,17,23,22,21,20,19,18,17,16,15,14,13,12,11,10,11,12,13,14,15,16,22,21,20,19,18,17,16,15,14,13,12,11,10,9,10,11,12,13,14,15,21,20,19,18,17,16,15,14,13,12,11,10,9,8,9,10,11,12,13,14,20,19,18,17,16,15,14,13,12,11,10,9,8,7,8,9,10,11,12,13,19,18,17,16,15,14,13,12,11,10,9,8,7,6,7,8,9,10,11,12,18,17,16,15,14,13,12,11,10,9,8,7,6,5,6,7,8,9,10,11,17,16,15,14,13,12,11,10,9,8,7,6,5,4,5,6,7,8,9,10,16,15,14,13,12,11,10,9,8,7,6,5,4,3,4,5,6,7,8,9,15,14,13,12,11,10,9,8,7,6,5,4,3,2,3,4,5,6,7,8,14,13,12,11,10,9,8,7,6,5,4,3,2,1,2,3,4,5,6,7,13,12,11,10,9,8,7,6,5,4,3,2,1,0,1,2,3,4,5,6,
